393050634124102232869567034555427371542904833
2321 2574
2 149 104 
1 64 

2 1 0 149 1117 AND
2 1 0 149 1266 XOR
1 1 1266 1415 INV
2 1 1 150 2407 XOR
2 1 2 151 2408 XOR
2 1 3 152 2409 XOR
2 1 4 153 2410 XOR
2 1 5 154 2411 XOR
2 1 6 155 2412 XOR
2 1 7 156 2413 XOR
2 1 8 157 2414 XOR
2 1 9 158 2415 XOR
2 1 10 159 2416 XOR
2 1 11 160 2417 XOR
2 1 12 161 2418 XOR
2 1 13 162 2419 XOR
2 1 14 163 2420 XOR
2 1 15 164 2421 XOR
2 1 16 165 2422 XOR
2 1 17 166 2423 XOR
2 1 18 167 2424 XOR
2 1 19 168 2425 XOR
2 1 20 169 2426 XOR
2 1 21 170 2427 XOR
2 1 22 171 2428 XOR
2 1 23 172 2429 XOR
2 1 24 173 2430 XOR
2 1 25 174 2431 XOR
2 1 26 175 2432 XOR
2 1 27 176 2433 XOR
2 1 28 177 2434 XOR
2 1 29 178 2435 XOR
2 1 30 179 2436 XOR
2 1 31 180 2437 XOR
2 1 32 181 2438 XOR
2 1 33 182 2439 XOR
2 1 34 183 2440 XOR
2 1 35 184 2441 XOR
2 1 36 185 2442 XOR
2 1 37 186 2443 XOR
2 1 38 187 2444 XOR
2 1 39 188 2445 XOR
2 1 40 189 2446 XOR
2 1 41 190 2447 XOR
2 1 42 191 2448 XOR
2 1 43 192 2449 XOR
2 1 44 193 2450 XOR
2 1 45 194 2451 XOR
2 1 46 195 2452 XOR
2 1 47 196 2453 XOR
2 1 48 197 2454 XOR
2 1 49 198 2455 XOR
2 1 50 199 2456 XOR
2 1 51 200 2457 XOR
2 1 52 201 2458 XOR
2 1 53 202 2459 XOR
2 1 54 203 2460 XOR
2 1 55 204 2461 XOR
2 1 56 205 2462 XOR
2 1 57 206 2463 XOR
2 1 58 207 2464 XOR
2 1 59 208 2465 XOR
2 1 60 209 2466 XOR
2 1 61 210 2467 XOR
2 1 62 211 2468 XOR
2 1 63 212 2469 XOR
2 1 64 213 2470 XOR
2 1 65 214 2471 XOR
2 1 66 215 2472 XOR
2 1 67 216 2473 XOR
2 1 68 217 2474 XOR
2 1 69 218 2475 XOR
2 1 70 219 2476 XOR
2 1 71 220 2477 XOR
2 1 72 221 2478 XOR
2 1 73 222 2479 XOR
2 1 74 223 2480 XOR
2 1 75 224 2481 XOR
2 1 76 225 2482 XOR
2 1 77 226 2483 XOR
2 1 78 227 2484 XOR
2 1 79 228 2485 XOR
2 1 80 229 2486 XOR
2 1 81 230 2487 XOR
2 1 82 231 2488 XOR
2 1 83 232 2489 XOR
2 1 84 233 2490 XOR
2 1 85 234 2491 XOR
2 1 86 235 2492 XOR
2 1 87 236 2493 XOR
2 1 88 237 2494 XOR
2 1 89 238 2495 XOR
2 1 90 239 2496 XOR
2 1 91 240 2497 XOR
2 1 92 241 2498 XOR
2 1 93 242 2499 XOR
2 1 94 243 2500 XOR
2 1 95 244 2501 XOR
2 1 96 245 2502 XOR
2 1 97 246 2503 XOR
2 1 98 247 2504 XOR
2 1 99 248 2505 XOR
2 1 100 249 2506 XOR
2 1 101 250 2507 XOR
2 1 102 251 2508 XOR
2 1 103 252 2509 XOR
2 1 2407 1117 1267 XOR
1 1 1267 1899 INV
2 1 1267 1415 1416 XOR
2 1 1899 1415 254 XOR
2 1 254 1415 253 AND
2 1 253 1415 2048 XOR
2 1 1 1117 809 XOR
2 1 150 1117 810 XOR
2 1 809 810 808 AND
2 1 808 1117 1118 XOR
2 1 2408 1118 1268 XOR
1 1 1268 1900 INV
2 1 1268 2048 1417 XOR
2 1 1900 2048 256 XOR
2 1 256 2048 255 AND
2 1 255 2048 2049 XOR
2 1 2 1118 812 XOR
2 1 151 1118 813 XOR
2 1 812 813 811 AND
2 1 811 1118 1119 XOR
2 1 2409 1119 1269 XOR
1 1 1269 1901 INV
2 1 1269 2049 1418 XOR
2 1 1901 2049 258 XOR
2 1 258 2049 257 AND
2 1 257 2049 2050 XOR
2 1 3 1119 815 XOR
2 1 152 1119 816 XOR
2 1 815 816 814 AND
2 1 814 1119 1120 XOR
2 1 2410 1120 1270 XOR
1 1 1270 1902 INV
2 1 1270 2050 1419 XOR
2 1 1902 2050 260 XOR
2 1 260 2050 259 AND
2 1 259 2050 2051 XOR
2 1 4 1120 818 XOR
2 1 153 1120 819 XOR
2 1 818 819 817 AND
2 1 817 1120 1121 XOR
2 1 2411 1121 1271 XOR
1 1 1271 1903 INV
2 1 1271 2051 1420 XOR
2 1 1903 2051 262 XOR
2 1 262 2051 261 AND
2 1 261 2051 2052 XOR
2 1 5 1121 821 XOR
2 1 154 1121 822 XOR
2 1 821 822 820 AND
2 1 820 1121 1122 XOR
2 1 2412 1122 1272 XOR
1 1 1272 1904 INV
2 1 1272 2052 1421 XOR
2 1 1904 2052 264 XOR
2 1 264 2052 263 AND
2 1 263 2052 2053 XOR
2 1 6 1122 824 XOR
2 1 155 1122 825 XOR
2 1 824 825 823 AND
2 1 823 1122 1123 XOR
2 1 2413 1123 1273 XOR
1 1 1273 1905 INV
2 1 1273 2053 1422 XOR
2 1 1905 2053 266 XOR
2 1 266 2053 265 AND
2 1 265 2053 2054 XOR
2 1 7 1123 827 XOR
2 1 156 1123 828 XOR
2 1 827 828 826 AND
2 1 826 1123 1124 XOR
2 1 2414 1124 1274 XOR
1 1 1274 1906 INV
2 1 1274 2054 1423 XOR
2 1 1906 2054 268 XOR
2 1 268 2054 267 AND
2 1 267 2054 2055 XOR
2 1 8 1124 830 XOR
2 1 157 1124 831 XOR
2 1 830 831 829 AND
2 1 829 1124 1125 XOR
2 1 2415 1125 1275 XOR
1 1 1275 1907 INV
2 1 1275 2055 1424 XOR
2 1 1907 2055 270 XOR
2 1 270 2055 269 AND
2 1 269 2055 2056 XOR
2 1 9 1125 833 XOR
2 1 158 1125 834 XOR
2 1 833 834 832 AND
2 1 832 1125 1126 XOR
2 1 2416 1126 1276 XOR
1 1 1276 1908 INV
2 1 1276 2056 1425 XOR
2 1 1908 2056 272 XOR
2 1 272 2056 271 AND
2 1 271 2056 2057 XOR
2 1 10 1126 836 XOR
2 1 159 1126 837 XOR
2 1 836 837 835 AND
2 1 835 1126 1127 XOR
2 1 2417 1127 1277 XOR
1 1 1277 1909 INV
2 1 1277 2057 1426 XOR
2 1 1909 2057 274 XOR
2 1 274 2057 273 AND
2 1 273 2057 2058 XOR
2 1 11 1127 839 XOR
2 1 160 1127 840 XOR
2 1 839 840 838 AND
2 1 838 1127 1128 XOR
2 1 2418 1128 1278 XOR
1 1 1278 1910 INV
2 1 1278 2058 1427 XOR
2 1 1910 2058 276 XOR
2 1 276 2058 275 AND
2 1 275 2058 2059 XOR
2 1 12 1128 842 XOR
2 1 161 1128 843 XOR
2 1 842 843 841 AND
2 1 841 1128 1129 XOR
2 1 2419 1129 1279 XOR
1 1 1279 1911 INV
2 1 1279 2059 1428 XOR
2 1 1911 2059 278 XOR
2 1 278 2059 277 AND
2 1 277 2059 2060 XOR
2 1 13 1129 845 XOR
2 1 162 1129 846 XOR
2 1 845 846 844 AND
2 1 844 1129 1130 XOR
2 1 2420 1130 1280 XOR
1 1 1280 1912 INV
2 1 1280 2060 1429 XOR
2 1 1912 2060 280 XOR
2 1 280 2060 279 AND
2 1 279 2060 2061 XOR
2 1 14 1130 848 XOR
2 1 163 1130 849 XOR
2 1 848 849 847 AND
2 1 847 1130 1131 XOR
2 1 2421 1131 1281 XOR
1 1 1281 1913 INV
2 1 1281 2061 1430 XOR
2 1 1913 2061 282 XOR
2 1 282 2061 281 AND
2 1 281 2061 2062 XOR
2 1 15 1131 851 XOR
2 1 164 1131 852 XOR
2 1 851 852 850 AND
2 1 850 1131 1132 XOR
2 1 2422 1132 1282 XOR
1 1 1282 1914 INV
2 1 1282 2062 1431 XOR
2 1 1914 2062 284 XOR
2 1 284 2062 283 AND
2 1 283 2062 2063 XOR
2 1 16 1132 854 XOR
2 1 165 1132 855 XOR
2 1 854 855 853 AND
2 1 853 1132 1133 XOR
2 1 2423 1133 1283 XOR
1 1 1283 1915 INV
2 1 1283 2063 1432 XOR
2 1 1915 2063 286 XOR
2 1 286 2063 285 AND
2 1 285 2063 2064 XOR
2 1 17 1133 857 XOR
2 1 166 1133 858 XOR
2 1 857 858 856 AND
2 1 856 1133 1134 XOR
2 1 2424 1134 1284 XOR
1 1 1284 1916 INV
2 1 1284 2064 1433 XOR
2 1 1916 2064 288 XOR
2 1 288 2064 287 AND
2 1 287 2064 2065 XOR
2 1 18 1134 860 XOR
2 1 167 1134 861 XOR
2 1 860 861 859 AND
2 1 859 1134 1135 XOR
2 1 2425 1135 1285 XOR
1 1 1285 1917 INV
2 1 1285 2065 1434 XOR
2 1 1917 2065 290 XOR
2 1 290 2065 289 AND
2 1 289 2065 2066 XOR
2 1 19 1135 863 XOR
2 1 168 1135 864 XOR
2 1 863 864 862 AND
2 1 862 1135 1136 XOR
2 1 2426 1136 1286 XOR
1 1 1286 1918 INV
2 1 1286 2066 1435 XOR
2 1 1918 2066 292 XOR
2 1 292 2066 291 AND
2 1 291 2066 2067 XOR
2 1 20 1136 866 XOR
2 1 169 1136 867 XOR
2 1 866 867 865 AND
2 1 865 1136 1137 XOR
2 1 2427 1137 1287 XOR
1 1 1287 1919 INV
2 1 1287 2067 1436 XOR
2 1 1919 2067 294 XOR
2 1 294 2067 293 AND
2 1 293 2067 2068 XOR
2 1 21 1137 869 XOR
2 1 170 1137 870 XOR
2 1 869 870 868 AND
2 1 868 1137 1138 XOR
2 1 2428 1138 1288 XOR
1 1 1288 1920 INV
2 1 1288 2068 1437 XOR
2 1 1920 2068 296 XOR
2 1 296 2068 295 AND
2 1 295 2068 2069 XOR
2 1 22 1138 872 XOR
2 1 171 1138 873 XOR
2 1 872 873 871 AND
2 1 871 1138 1139 XOR
2 1 2429 1139 1289 XOR
1 1 1289 1921 INV
2 1 1289 2069 1438 XOR
2 1 1921 2069 298 XOR
2 1 298 2069 297 AND
2 1 297 2069 2070 XOR
2 1 23 1139 875 XOR
2 1 172 1139 876 XOR
2 1 875 876 874 AND
2 1 874 1139 1140 XOR
2 1 2430 1140 1290 XOR
1 1 1290 1922 INV
2 1 1290 2070 1439 XOR
2 1 1922 2070 300 XOR
2 1 300 2070 299 AND
2 1 299 2070 2071 XOR
2 1 24 1140 878 XOR
2 1 173 1140 879 XOR
2 1 878 879 877 AND
2 1 877 1140 1141 XOR
2 1 2431 1141 1291 XOR
1 1 1291 1923 INV
2 1 1291 2071 1440 XOR
2 1 1923 2071 302 XOR
2 1 302 2071 301 AND
2 1 301 2071 2072 XOR
2 1 25 1141 881 XOR
2 1 174 1141 882 XOR
2 1 881 882 880 AND
2 1 880 1141 1142 XOR
2 1 2432 1142 1292 XOR
1 1 1292 1924 INV
2 1 1292 2072 1441 XOR
2 1 1924 2072 304 XOR
2 1 304 2072 303 AND
2 1 303 2072 2073 XOR
2 1 26 1142 884 XOR
2 1 175 1142 885 XOR
2 1 884 885 883 AND
2 1 883 1142 1143 XOR
2 1 2433 1143 1293 XOR
1 1 1293 1925 INV
2 1 1293 2073 1442 XOR
2 1 1925 2073 306 XOR
2 1 306 2073 305 AND
2 1 305 2073 2074 XOR
2 1 27 1143 887 XOR
2 1 176 1143 888 XOR
2 1 887 888 886 AND
2 1 886 1143 1144 XOR
2 1 2434 1144 1294 XOR
1 1 1294 1926 INV
2 1 1294 2074 1443 XOR
2 1 1926 2074 308 XOR
2 1 308 2074 307 AND
2 1 307 2074 2075 XOR
2 1 28 1144 890 XOR
2 1 177 1144 891 XOR
2 1 890 891 889 AND
2 1 889 1144 1145 XOR
2 1 2435 1145 1295 XOR
1 1 1295 1927 INV
2 1 1295 2075 1444 XOR
2 1 1927 2075 310 XOR
2 1 310 2075 309 AND
2 1 309 2075 2076 XOR
2 1 29 1145 893 XOR
2 1 178 1145 894 XOR
2 1 893 894 892 AND
2 1 892 1145 1146 XOR
2 1 2436 1146 1296 XOR
1 1 1296 1928 INV
2 1 1296 2076 1445 XOR
2 1 1928 2076 312 XOR
2 1 312 2076 311 AND
2 1 311 2076 2077 XOR
2 1 30 1146 896 XOR
2 1 179 1146 897 XOR
2 1 896 897 895 AND
2 1 895 1146 1147 XOR
2 1 2437 1147 1297 XOR
1 1 1297 1929 INV
2 1 1297 2077 1446 XOR
2 1 1929 2077 314 XOR
2 1 314 2077 313 AND
2 1 313 2077 2078 XOR
2 1 31 1147 899 XOR
2 1 180 1147 900 XOR
2 1 899 900 898 AND
2 1 898 1147 1148 XOR
2 1 2438 1148 1298 XOR
1 1 1298 1930 INV
2 1 1298 2078 1447 XOR
2 1 1930 2078 316 XOR
2 1 316 2078 315 AND
2 1 315 2078 2079 XOR
2 1 32 1148 902 XOR
2 1 181 1148 903 XOR
2 1 902 903 901 AND
2 1 901 1148 1149 XOR
2 1 2439 1149 1299 XOR
1 1 1299 1931 INV
2 1 1299 2079 1448 XOR
2 1 1931 2079 318 XOR
2 1 318 2079 317 AND
2 1 317 2079 2080 XOR
2 1 33 1149 905 XOR
2 1 182 1149 906 XOR
2 1 905 906 904 AND
2 1 904 1149 1150 XOR
2 1 2440 1150 1300 XOR
1 1 1300 1932 INV
2 1 1300 2080 1449 XOR
2 1 1932 2080 320 XOR
2 1 320 2080 319 AND
2 1 319 2080 2081 XOR
2 1 34 1150 908 XOR
2 1 183 1150 909 XOR
2 1 908 909 907 AND
2 1 907 1150 1151 XOR
2 1 2441 1151 1301 XOR
1 1 1301 1933 INV
2 1 1301 2081 1450 XOR
2 1 1933 2081 322 XOR
2 1 322 2081 321 AND
2 1 321 2081 2082 XOR
2 1 35 1151 911 XOR
2 1 184 1151 912 XOR
2 1 911 912 910 AND
2 1 910 1151 1152 XOR
2 1 2442 1152 1302 XOR
1 1 1302 1934 INV
2 1 1302 2082 1451 XOR
2 1 1934 2082 324 XOR
2 1 324 2082 323 AND
2 1 323 2082 2083 XOR
2 1 36 1152 914 XOR
2 1 185 1152 915 XOR
2 1 914 915 913 AND
2 1 913 1152 1153 XOR
2 1 2443 1153 1303 XOR
1 1 1303 1935 INV
2 1 1303 2083 1452 XOR
2 1 1935 2083 326 XOR
2 1 326 2083 325 AND
2 1 325 2083 2084 XOR
2 1 37 1153 917 XOR
2 1 186 1153 918 XOR
2 1 917 918 916 AND
2 1 916 1153 1154 XOR
2 1 2444 1154 1304 XOR
1 1 1304 1936 INV
2 1 1304 2084 1453 XOR
2 1 1936 2084 328 XOR
2 1 328 2084 327 AND
2 1 327 2084 2085 XOR
2 1 38 1154 920 XOR
2 1 187 1154 921 XOR
2 1 920 921 919 AND
2 1 919 1154 1155 XOR
2 1 2445 1155 1305 XOR
1 1 1305 1937 INV
2 1 1305 2085 1454 XOR
2 1 1937 2085 330 XOR
2 1 330 2085 329 AND
2 1 329 2085 2086 XOR
2 1 39 1155 923 XOR
2 1 188 1155 924 XOR
2 1 923 924 922 AND
2 1 922 1155 1156 XOR
2 1 2446 1156 1306 XOR
1 1 1306 1938 INV
2 1 1306 2086 1455 XOR
2 1 1938 2086 332 XOR
2 1 332 2086 331 AND
2 1 331 2086 2087 XOR
2 1 40 1156 926 XOR
2 1 189 1156 927 XOR
2 1 926 927 925 AND
2 1 925 1156 1157 XOR
2 1 2447 1157 1307 XOR
1 1 1307 1939 INV
2 1 1307 2087 1456 XOR
2 1 1939 2087 334 XOR
2 1 334 2087 333 AND
2 1 333 2087 2088 XOR
2 1 41 1157 929 XOR
2 1 190 1157 930 XOR
2 1 929 930 928 AND
2 1 928 1157 1158 XOR
2 1 2448 1158 1308 XOR
1 1 1308 1940 INV
2 1 1308 2088 1457 XOR
2 1 1940 2088 336 XOR
2 1 336 2088 335 AND
2 1 335 2088 2089 XOR
2 1 42 1158 932 XOR
2 1 191 1158 933 XOR
2 1 932 933 931 AND
2 1 931 1158 1159 XOR
2 1 2449 1159 1309 XOR
1 1 1309 1941 INV
2 1 1309 2089 1458 XOR
2 1 1941 2089 338 XOR
2 1 338 2089 337 AND
2 1 337 2089 2090 XOR
2 1 43 1159 935 XOR
2 1 192 1159 936 XOR
2 1 935 936 934 AND
2 1 934 1159 1160 XOR
2 1 2450 1160 1310 XOR
1 1 1310 1942 INV
2 1 1310 2090 1459 XOR
2 1 1942 2090 340 XOR
2 1 340 2090 339 AND
2 1 339 2090 2091 XOR
2 1 44 1160 938 XOR
2 1 193 1160 939 XOR
2 1 938 939 937 AND
2 1 937 1160 1161 XOR
2 1 2451 1161 1311 XOR
1 1 1311 1943 INV
2 1 1311 2091 1460 XOR
2 1 1943 2091 342 XOR
2 1 342 2091 341 AND
2 1 341 2091 2092 XOR
2 1 45 1161 941 XOR
2 1 194 1161 942 XOR
2 1 941 942 940 AND
2 1 940 1161 1162 XOR
2 1 2452 1162 1312 XOR
1 1 1312 1944 INV
2 1 1312 2092 1461 XOR
2 1 1944 2092 344 XOR
2 1 344 2092 343 AND
2 1 343 2092 2093 XOR
2 1 46 1162 944 XOR
2 1 195 1162 945 XOR
2 1 944 945 943 AND
2 1 943 1162 1163 XOR
2 1 2453 1163 1313 XOR
1 1 1313 1945 INV
2 1 1313 2093 1462 XOR
2 1 1945 2093 346 XOR
2 1 346 2093 345 AND
2 1 345 2093 2094 XOR
2 1 47 1163 947 XOR
2 1 196 1163 948 XOR
2 1 947 948 946 AND
2 1 946 1163 1164 XOR
2 1 2454 1164 1314 XOR
1 1 1314 1946 INV
2 1 1314 2094 1463 XOR
2 1 1946 2094 348 XOR
2 1 348 2094 347 AND
2 1 347 2094 2095 XOR
2 1 48 1164 950 XOR
2 1 197 1164 951 XOR
2 1 950 951 949 AND
2 1 949 1164 1165 XOR
2 1 2455 1165 1315 XOR
1 1 1315 1947 INV
2 1 1315 2095 1464 XOR
2 1 1947 2095 350 XOR
2 1 350 2095 349 AND
2 1 349 2095 2096 XOR
2 1 49 1165 953 XOR
2 1 198 1165 954 XOR
2 1 953 954 952 AND
2 1 952 1165 1166 XOR
2 1 2456 1166 1316 XOR
1 1 1316 1948 INV
2 1 1316 2096 1465 XOR
2 1 1948 2096 352 XOR
2 1 352 2096 351 AND
2 1 351 2096 2097 XOR
2 1 50 1166 956 XOR
2 1 199 1166 957 XOR
2 1 956 957 955 AND
2 1 955 1166 1167 XOR
2 1 2457 1167 1317 XOR
1 1 1317 1949 INV
2 1 1317 2097 1466 XOR
2 1 1949 2097 354 XOR
2 1 354 2097 353 AND
2 1 353 2097 2098 XOR
2 1 51 1167 959 XOR
2 1 200 1167 960 XOR
2 1 959 960 958 AND
2 1 958 1167 1168 XOR
2 1 2458 1168 1318 XOR
1 1 1318 1950 INV
2 1 1318 2098 1467 XOR
2 1 1950 2098 356 XOR
2 1 356 2098 355 AND
2 1 355 2098 2099 XOR
2 1 52 1168 962 XOR
2 1 201 1168 963 XOR
2 1 962 963 961 AND
2 1 961 1168 1169 XOR
2 1 2459 1169 1319 XOR
1 1 1319 1951 INV
2 1 1319 2099 1468 XOR
2 1 1951 2099 358 XOR
2 1 358 2099 357 AND
2 1 357 2099 2100 XOR
2 1 53 1169 965 XOR
2 1 202 1169 966 XOR
2 1 965 966 964 AND
2 1 964 1169 1170 XOR
2 1 2460 1170 1320 XOR
1 1 1320 1952 INV
2 1 1320 2100 1469 XOR
2 1 1952 2100 360 XOR
2 1 360 2100 359 AND
2 1 359 2100 2101 XOR
2 1 54 1170 968 XOR
2 1 203 1170 969 XOR
2 1 968 969 967 AND
2 1 967 1170 1171 XOR
2 1 2461 1171 1321 XOR
1 1 1321 1953 INV
2 1 1321 2101 1470 XOR
2 1 1953 2101 362 XOR
2 1 362 2101 361 AND
2 1 361 2101 2102 XOR
2 1 55 1171 971 XOR
2 1 204 1171 972 XOR
2 1 971 972 970 AND
2 1 970 1171 1172 XOR
2 1 2462 1172 1322 XOR
1 1 1322 1954 INV
2 1 1322 2102 1471 XOR
2 1 1954 2102 364 XOR
2 1 364 2102 363 AND
2 1 363 2102 2103 XOR
2 1 56 1172 974 XOR
2 1 205 1172 975 XOR
2 1 974 975 973 AND
2 1 973 1172 1173 XOR
2 1 2463 1173 1323 XOR
1 1 1323 1955 INV
2 1 1323 2103 1472 XOR
2 1 1955 2103 366 XOR
2 1 366 2103 365 AND
2 1 365 2103 2104 XOR
2 1 57 1173 977 XOR
2 1 206 1173 978 XOR
2 1 977 978 976 AND
2 1 976 1173 1174 XOR
2 1 2464 1174 1324 XOR
1 1 1324 1956 INV
2 1 1324 2104 1473 XOR
2 1 1956 2104 368 XOR
2 1 368 2104 367 AND
2 1 367 2104 2105 XOR
2 1 58 1174 980 XOR
2 1 207 1174 981 XOR
2 1 980 981 979 AND
2 1 979 1174 1175 XOR
2 1 2465 1175 1325 XOR
1 1 1325 1957 INV
2 1 1325 2105 1474 XOR
2 1 1957 2105 370 XOR
2 1 370 2105 369 AND
2 1 369 2105 2106 XOR
2 1 59 1175 983 XOR
2 1 208 1175 984 XOR
2 1 983 984 982 AND
2 1 982 1175 1176 XOR
2 1 2466 1176 1326 XOR
1 1 1326 1958 INV
2 1 1326 2106 1475 XOR
2 1 1958 2106 372 XOR
2 1 372 2106 371 AND
2 1 371 2106 2107 XOR
2 1 60 1176 986 XOR
2 1 209 1176 987 XOR
2 1 986 987 985 AND
2 1 985 1176 1177 XOR
2 1 2467 1177 1327 XOR
1 1 1327 1959 INV
2 1 1327 2107 1476 XOR
2 1 1959 2107 374 XOR
2 1 374 2107 373 AND
2 1 373 2107 2108 XOR
2 1 61 1177 989 XOR
2 1 210 1177 990 XOR
2 1 989 990 988 AND
2 1 988 1177 1178 XOR
2 1 2468 1178 1328 XOR
1 1 1328 1960 INV
2 1 1328 2108 1477 XOR
2 1 1960 2108 376 XOR
2 1 376 2108 375 AND
2 1 375 2108 2109 XOR
2 1 62 1178 992 XOR
2 1 211 1178 993 XOR
2 1 992 993 991 AND
2 1 991 1178 1179 XOR
2 1 2469 1179 1329 XOR
1 1 1329 1961 INV
2 1 1329 2109 1478 XOR
2 1 1961 2109 378 XOR
2 1 378 2109 377 AND
2 1 377 2109 2110 XOR
2 1 63 1179 995 XOR
2 1 212 1179 996 XOR
2 1 995 996 994 AND
2 1 994 1179 1180 XOR
2 1 2470 1180 1330 XOR
1 1 1330 1962 INV
2 1 1962 2110 380 XOR
2 1 380 2110 379 AND
2 1 379 2110 2111 XOR
2 1 64 1180 998 XOR
2 1 213 1180 999 XOR
2 1 998 999 997 AND
2 1 997 1180 1181 XOR
2 1 2471 1181 1331 XOR
1 1 1331 1963 INV
2 1 1963 2111 382 XOR
2 1 382 2111 381 AND
2 1 381 2111 2112 XOR
2 1 65 1181 1001 XOR
2 1 214 1181 1002 XOR
2 1 1001 1002 1000 AND
2 1 1000 1181 1182 XOR
2 1 2472 1182 1332 XOR
1 1 1332 1964 INV
2 1 1964 2112 384 XOR
2 1 384 2112 383 AND
2 1 383 2112 2113 XOR
2 1 66 1182 1004 XOR
2 1 215 1182 1005 XOR
2 1 1004 1005 1003 AND
2 1 1003 1182 1183 XOR
2 1 2473 1183 1333 XOR
1 1 1333 1965 INV
2 1 1965 2113 386 XOR
2 1 386 2113 385 AND
2 1 385 2113 2114 XOR
2 1 67 1183 1007 XOR
2 1 216 1183 1008 XOR
2 1 1007 1008 1006 AND
2 1 1006 1183 1184 XOR
2 1 2474 1184 1334 XOR
1 1 1334 1966 INV
2 1 1966 2114 388 XOR
2 1 388 2114 387 AND
2 1 387 2114 2115 XOR
2 1 68 1184 1010 XOR
2 1 217 1184 1011 XOR
2 1 1010 1011 1009 AND
2 1 1009 1184 1185 XOR
2 1 2475 1185 1335 XOR
1 1 1335 1967 INV
2 1 1967 2115 390 XOR
2 1 390 2115 389 AND
2 1 389 2115 2116 XOR
2 1 69 1185 1013 XOR
2 1 218 1185 1014 XOR
2 1 1013 1014 1012 AND
2 1 1012 1185 1186 XOR
2 1 2476 1186 1336 XOR
1 1 1336 1968 INV
2 1 1968 2116 392 XOR
2 1 392 2116 391 AND
2 1 391 2116 2117 XOR
2 1 70 1186 1016 XOR
2 1 219 1186 1017 XOR
2 1 1016 1017 1015 AND
2 1 1015 1186 1187 XOR
2 1 2477 1187 1337 XOR
1 1 1337 1969 INV
2 1 1969 2117 394 XOR
2 1 394 2117 393 AND
2 1 393 2117 2118 XOR
2 1 71 1187 1019 XOR
2 1 220 1187 1020 XOR
2 1 1019 1020 1018 AND
2 1 1018 1187 1188 XOR
2 1 2478 1188 1338 XOR
1 1 1338 1970 INV
2 1 1970 2118 396 XOR
2 1 396 2118 395 AND
2 1 395 2118 2119 XOR
2 1 72 1188 1022 XOR
2 1 221 1188 1023 XOR
2 1 1022 1023 1021 AND
2 1 1021 1188 1189 XOR
2 1 2479 1189 1339 XOR
1 1 1339 1971 INV
2 1 1971 2119 398 XOR
2 1 398 2119 397 AND
2 1 397 2119 2120 XOR
2 1 73 1189 1025 XOR
2 1 222 1189 1026 XOR
2 1 1025 1026 1024 AND
2 1 1024 1189 1190 XOR
2 1 2480 1190 1340 XOR
1 1 1340 1972 INV
2 1 1972 2120 400 XOR
2 1 400 2120 399 AND
2 1 399 2120 2121 XOR
2 1 74 1190 1028 XOR
2 1 223 1190 1029 XOR
2 1 1028 1029 1027 AND
2 1 1027 1190 1191 XOR
2 1 2481 1191 1341 XOR
1 1 1341 1973 INV
2 1 1973 2121 402 XOR
2 1 402 2121 401 AND
2 1 401 2121 2122 XOR
2 1 75 1191 1031 XOR
2 1 224 1191 1032 XOR
2 1 1031 1032 1030 AND
2 1 1030 1191 1192 XOR
2 1 2482 1192 1342 XOR
1 1 1342 1974 INV
2 1 1974 2122 404 XOR
2 1 404 2122 403 AND
2 1 403 2122 2123 XOR
2 1 76 1192 1034 XOR
2 1 225 1192 1035 XOR
2 1 1034 1035 1033 AND
2 1 1033 1192 1193 XOR
2 1 2483 1193 1343 XOR
1 1 1343 1975 INV
2 1 1975 2123 406 XOR
2 1 406 2123 405 AND
2 1 405 2123 2124 XOR
2 1 77 1193 1037 XOR
2 1 226 1193 1038 XOR
2 1 1037 1038 1036 AND
2 1 1036 1193 1194 XOR
2 1 2484 1194 1344 XOR
1 1 1344 1976 INV
2 1 1976 2124 408 XOR
2 1 408 2124 407 AND
2 1 407 2124 2125 XOR
2 1 78 1194 1040 XOR
2 1 227 1194 1041 XOR
2 1 1040 1041 1039 AND
2 1 1039 1194 1195 XOR
2 1 2485 1195 1345 XOR
1 1 1345 1977 INV
2 1 1977 2125 410 XOR
2 1 410 2125 409 AND
2 1 409 2125 2126 XOR
2 1 79 1195 1043 XOR
2 1 228 1195 1044 XOR
2 1 1043 1044 1042 AND
2 1 1042 1195 1196 XOR
2 1 2486 1196 1346 XOR
1 1 1346 1978 INV
2 1 1978 2126 412 XOR
2 1 412 2126 411 AND
2 1 411 2126 2127 XOR
2 1 80 1196 1046 XOR
2 1 229 1196 1047 XOR
2 1 1046 1047 1045 AND
2 1 1045 1196 1197 XOR
2 1 2487 1197 1347 XOR
1 1 1347 1979 INV
2 1 1979 2127 414 XOR
2 1 414 2127 413 AND
2 1 413 2127 2128 XOR
2 1 81 1197 1049 XOR
2 1 230 1197 1050 XOR
2 1 1049 1050 1048 AND
2 1 1048 1197 1198 XOR
2 1 2488 1198 1348 XOR
1 1 1348 1980 INV
2 1 1980 2128 416 XOR
2 1 416 2128 415 AND
2 1 415 2128 2129 XOR
2 1 82 1198 1052 XOR
2 1 231 1198 1053 XOR
2 1 1052 1053 1051 AND
2 1 1051 1198 1199 XOR
2 1 2489 1199 1349 XOR
1 1 1349 1981 INV
2 1 1981 2129 418 XOR
2 1 418 2129 417 AND
2 1 417 2129 2130 XOR
2 1 83 1199 1055 XOR
2 1 232 1199 1056 XOR
2 1 1055 1056 1054 AND
2 1 1054 1199 1200 XOR
2 1 2490 1200 1350 XOR
1 1 1350 1982 INV
2 1 1982 2130 420 XOR
2 1 420 2130 419 AND
2 1 419 2130 2131 XOR
2 1 84 1200 1058 XOR
2 1 233 1200 1059 XOR
2 1 1058 1059 1057 AND
2 1 1057 1200 1201 XOR
2 1 2491 1201 1351 XOR
1 1 1351 1983 INV
2 1 1983 2131 422 XOR
2 1 422 2131 421 AND
2 1 421 2131 2132 XOR
2 1 85 1201 1061 XOR
2 1 234 1201 1062 XOR
2 1 1061 1062 1060 AND
2 1 1060 1201 1202 XOR
2 1 2492 1202 1352 XOR
1 1 1352 1984 INV
2 1 1984 2132 424 XOR
2 1 424 2132 423 AND
2 1 423 2132 2133 XOR
2 1 86 1202 1064 XOR
2 1 235 1202 1065 XOR
2 1 1064 1065 1063 AND
2 1 1063 1202 1203 XOR
2 1 2493 1203 1353 XOR
1 1 1353 1985 INV
2 1 1985 2133 426 XOR
2 1 426 2133 425 AND
2 1 425 2133 2134 XOR
2 1 87 1203 1067 XOR
2 1 236 1203 1068 XOR
2 1 1067 1068 1066 AND
2 1 1066 1203 1204 XOR
2 1 2494 1204 1354 XOR
1 1 1354 1986 INV
2 1 1986 2134 428 XOR
2 1 428 2134 427 AND
2 1 427 2134 2135 XOR
2 1 88 1204 1070 XOR
2 1 237 1204 1071 XOR
2 1 1070 1071 1069 AND
2 1 1069 1204 1205 XOR
2 1 2495 1205 1355 XOR
1 1 1355 1987 INV
2 1 1987 2135 430 XOR
2 1 430 2135 429 AND
2 1 429 2135 2136 XOR
2 1 89 1205 1073 XOR
2 1 238 1205 1074 XOR
2 1 1073 1074 1072 AND
2 1 1072 1205 1206 XOR
2 1 2496 1206 1356 XOR
1 1 1356 1988 INV
2 1 1988 2136 432 XOR
2 1 432 2136 431 AND
2 1 431 2136 2137 XOR
2 1 90 1206 1076 XOR
2 1 239 1206 1077 XOR
2 1 1076 1077 1075 AND
2 1 1075 1206 1207 XOR
2 1 2497 1207 1357 XOR
1 1 1357 1989 INV
2 1 1989 2137 434 XOR
2 1 434 2137 433 AND
2 1 433 2137 2138 XOR
2 1 91 1207 1079 XOR
2 1 240 1207 1080 XOR
2 1 1079 1080 1078 AND
2 1 1078 1207 1208 XOR
2 1 2498 1208 1358 XOR
1 1 1358 1990 INV
2 1 1990 2138 436 XOR
2 1 436 2138 435 AND
2 1 435 2138 2139 XOR
2 1 92 1208 1082 XOR
2 1 241 1208 1083 XOR
2 1 1082 1083 1081 AND
2 1 1081 1208 1209 XOR
2 1 2499 1209 1359 XOR
1 1 1359 1991 INV
2 1 1991 2139 438 XOR
2 1 438 2139 437 AND
2 1 437 2139 2140 XOR
2 1 93 1209 1085 XOR
2 1 242 1209 1086 XOR
2 1 1085 1086 1084 AND
2 1 1084 1209 1210 XOR
2 1 2500 1210 1360 XOR
1 1 1360 1992 INV
2 1 1992 2140 440 XOR
2 1 440 2140 439 AND
2 1 439 2140 2141 XOR
2 1 94 1210 1088 XOR
2 1 243 1210 1089 XOR
2 1 1088 1089 1087 AND
2 1 1087 1210 1211 XOR
2 1 2501 1211 1361 XOR
1 1 1361 1993 INV
2 1 1993 2141 442 XOR
2 1 442 2141 441 AND
2 1 441 2141 2142 XOR
2 1 95 1211 1091 XOR
2 1 244 1211 1092 XOR
2 1 1091 1092 1090 AND
2 1 1090 1211 1212 XOR
2 1 2502 1212 1362 XOR
1 1 1362 1994 INV
2 1 1994 2142 444 XOR
2 1 444 2142 443 AND
2 1 443 2142 2143 XOR
2 1 96 1212 1094 XOR
2 1 245 1212 1095 XOR
2 1 1094 1095 1093 AND
2 1 1093 1212 1213 XOR
2 1 2503 1213 1363 XOR
1 1 1363 1995 INV
2 1 1995 2143 446 XOR
2 1 446 2143 445 AND
2 1 445 2143 2144 XOR
2 1 97 1213 1097 XOR
2 1 246 1213 1098 XOR
2 1 1097 1098 1096 AND
2 1 1096 1213 1214 XOR
2 1 2504 1214 1364 XOR
1 1 1364 1996 INV
2 1 1996 2144 448 XOR
2 1 448 2144 447 AND
2 1 447 2144 2145 XOR
2 1 98 1214 1100 XOR
2 1 247 1214 1101 XOR
2 1 1100 1101 1099 AND
2 1 1099 1214 1215 XOR
2 1 2505 1215 1365 XOR
1 1 1365 1997 INV
2 1 1997 2145 450 XOR
2 1 450 2145 449 AND
2 1 449 2145 2146 XOR
2 1 99 1215 1103 XOR
2 1 248 1215 1104 XOR
2 1 1103 1104 1102 AND
2 1 1102 1215 1216 XOR
2 1 2506 1216 1366 XOR
1 1 1366 1998 INV
2 1 1998 2146 452 XOR
2 1 452 2146 451 AND
2 1 451 2146 2147 XOR
2 1 100 1216 1106 XOR
2 1 249 1216 1107 XOR
2 1 1106 1107 1105 AND
2 1 1105 1216 1217 XOR
2 1 2507 1217 1367 XOR
1 1 1367 1999 INV
2 1 1999 2147 454 XOR
2 1 454 2147 453 AND
2 1 453 2147 2148 XOR
2 1 101 1217 1109 XOR
2 1 250 1217 1110 XOR
2 1 1109 1110 1108 AND
2 1 1108 1217 1218 XOR
2 1 2508 1218 1368 XOR
1 1 1368 2000 INV
2 1 2000 2148 456 XOR
2 1 456 2148 455 AND
2 1 455 2148 2149 XOR
2 1 102 1218 1112 XOR
2 1 251 1218 1113 XOR
2 1 1112 1113 1111 AND
2 1 1111 1218 1219 XOR
2 1 2509 1219 1369 XOR
1 1 1369 2001 INV
2 1 2001 2149 458 XOR
2 1 458 2149 457 AND
2 1 457 2149 2150 XOR
2 1 103 1219 1115 XOR
2 1 252 1219 1116 XOR
2 1 1115 1116 1114 AND
2 1 1114 1219 1220 XOR
2 1 104 1220 1221 AND
2 1 104 1220 1370 XOR
1 1 1370 2002 INV
2 1 2002 2150 460 XOR
2 1 460 2150 459 AND
2 1 459 2150 2151 XOR
2 1 105 1221 1222 AND
2 1 105 1221 1371 XOR
1 1 1371 2003 INV
2 1 2003 2151 462 XOR
2 1 462 2151 461 AND
2 1 461 2151 2152 XOR
2 1 106 1222 1223 AND
2 1 106 1222 1372 XOR
1 1 1372 2004 INV
2 1 2004 2152 464 XOR
2 1 464 2152 463 AND
2 1 463 2152 2153 XOR
2 1 107 1223 1224 AND
2 1 107 1223 1373 XOR
1 1 1373 2005 INV
2 1 2005 2153 466 XOR
2 1 466 2153 465 AND
2 1 465 2153 2154 XOR
2 1 108 1224 1225 AND
2 1 108 1224 1374 XOR
1 1 1374 2006 INV
2 1 2006 2154 468 XOR
2 1 468 2154 467 AND
2 1 467 2154 2155 XOR
2 1 109 1225 1226 AND
2 1 109 1225 1375 XOR
1 1 1375 2007 INV
2 1 2007 2155 470 XOR
2 1 470 2155 469 AND
2 1 469 2155 2156 XOR
2 1 110 1226 1227 AND
2 1 110 1226 1376 XOR
1 1 1376 2008 INV
2 1 2008 2156 472 XOR
2 1 472 2156 471 AND
2 1 471 2156 2157 XOR
2 1 111 1227 1228 AND
2 1 111 1227 1377 XOR
1 1 1377 2009 INV
2 1 2009 2157 474 XOR
2 1 474 2157 473 AND
2 1 473 2157 2158 XOR
2 1 112 1228 1229 AND
2 1 112 1228 1378 XOR
1 1 1378 2010 INV
2 1 2010 2158 476 XOR
2 1 476 2158 475 AND
2 1 475 2158 2159 XOR
2 1 113 1229 1230 AND
2 1 113 1229 1379 XOR
1 1 1379 2011 INV
2 1 2011 2159 478 XOR
2 1 478 2159 477 AND
2 1 477 2159 2160 XOR
2 1 114 1230 1231 AND
2 1 114 1230 1380 XOR
1 1 1380 2012 INV
2 1 2012 2160 480 XOR
2 1 480 2160 479 AND
2 1 479 2160 2161 XOR
2 1 115 1231 1232 AND
2 1 115 1231 1381 XOR
1 1 1381 2013 INV
2 1 2013 2161 482 XOR
2 1 482 2161 481 AND
2 1 481 2161 2162 XOR
2 1 116 1232 1233 AND
2 1 116 1232 1382 XOR
1 1 1382 2014 INV
2 1 2014 2162 484 XOR
2 1 484 2162 483 AND
2 1 483 2162 2163 XOR
2 1 117 1233 1234 AND
2 1 117 1233 1383 XOR
1 1 1383 2015 INV
2 1 2015 2163 486 XOR
2 1 486 2163 485 AND
2 1 485 2163 2164 XOR
2 1 118 1234 1235 AND
2 1 118 1234 1384 XOR
1 1 1384 2016 INV
2 1 2016 2164 488 XOR
2 1 488 2164 487 AND
2 1 487 2164 2165 XOR
2 1 119 1235 1236 AND
2 1 119 1235 1385 XOR
1 1 1385 2017 INV
2 1 2017 2165 490 XOR
2 1 490 2165 489 AND
2 1 489 2165 2166 XOR
2 1 120 1236 1237 AND
2 1 120 1236 1386 XOR
1 1 1386 2018 INV
2 1 2018 2166 492 XOR
2 1 492 2166 491 AND
2 1 491 2166 2167 XOR
2 1 121 1237 1238 AND
2 1 121 1237 1387 XOR
1 1 1387 2019 INV
2 1 2019 2167 494 XOR
2 1 494 2167 493 AND
2 1 493 2167 2168 XOR
2 1 122 1238 1239 AND
2 1 122 1238 1388 XOR
1 1 1388 2020 INV
2 1 2020 2168 496 XOR
2 1 496 2168 495 AND
2 1 495 2168 2169 XOR
2 1 123 1239 1240 AND
2 1 123 1239 1389 XOR
1 1 1389 2021 INV
2 1 2021 2169 498 XOR
2 1 498 2169 497 AND
2 1 497 2169 2170 XOR
2 1 124 1240 1241 AND
2 1 124 1240 1390 XOR
1 1 1390 2022 INV
2 1 2022 2170 500 XOR
2 1 500 2170 499 AND
2 1 499 2170 2171 XOR
2 1 125 1241 1242 AND
2 1 125 1241 1391 XOR
1 1 1391 2023 INV
2 1 2023 2171 502 XOR
2 1 502 2171 501 AND
2 1 501 2171 2172 XOR
2 1 126 1242 1243 AND
2 1 126 1242 1392 XOR
1 1 1392 2024 INV
2 1 2024 2172 504 XOR
2 1 504 2172 503 AND
2 1 503 2172 2173 XOR
2 1 127 1243 1244 AND
2 1 127 1243 1393 XOR
1 1 1393 2025 INV
2 1 2025 2173 506 XOR
2 1 506 2173 505 AND
2 1 505 2173 2174 XOR
2 1 128 1244 1245 AND
2 1 128 1244 1394 XOR
1 1 1394 2026 INV
2 1 2026 2174 508 XOR
2 1 508 2174 507 AND
2 1 507 2174 2175 XOR
2 1 129 1245 1246 AND
2 1 129 1245 1395 XOR
1 1 1395 2027 INV
2 1 2027 2175 510 XOR
2 1 510 2175 509 AND
2 1 509 2175 2176 XOR
2 1 130 1246 1247 AND
2 1 130 1246 1396 XOR
1 1 1396 2028 INV
2 1 2028 2176 512 XOR
2 1 512 2176 511 AND
2 1 511 2176 2177 XOR
2 1 131 1247 1248 AND
2 1 131 1247 1397 XOR
1 1 1397 2029 INV
2 1 2029 2177 514 XOR
2 1 514 2177 513 AND
2 1 513 2177 2178 XOR
2 1 132 1248 1249 AND
2 1 132 1248 1398 XOR
1 1 1398 2030 INV
2 1 2030 2178 516 XOR
2 1 516 2178 515 AND
2 1 515 2178 2179 XOR
2 1 133 1249 1250 AND
2 1 133 1249 1399 XOR
1 1 1399 2031 INV
2 1 2031 2179 518 XOR
2 1 518 2179 517 AND
2 1 517 2179 2180 XOR
2 1 134 1250 1251 AND
2 1 134 1250 1400 XOR
1 1 1400 2032 INV
2 1 2032 2180 520 XOR
2 1 520 2180 519 AND
2 1 519 2180 2181 XOR
2 1 135 1251 1252 AND
2 1 135 1251 1401 XOR
1 1 1401 2033 INV
2 1 2033 2181 522 XOR
2 1 522 2181 521 AND
2 1 521 2181 2182 XOR
2 1 136 1252 1253 AND
2 1 136 1252 1402 XOR
1 1 1402 2034 INV
2 1 2034 2182 524 XOR
2 1 524 2182 523 AND
2 1 523 2182 2183 XOR
2 1 137 1253 1254 AND
2 1 137 1253 1403 XOR
1 1 1403 2035 INV
2 1 2035 2183 526 XOR
2 1 526 2183 525 AND
2 1 525 2183 2184 XOR
2 1 138 1254 1255 AND
2 1 138 1254 1404 XOR
1 1 1404 2036 INV
2 1 2036 2184 528 XOR
2 1 528 2184 527 AND
2 1 527 2184 2185 XOR
2 1 139 1255 1256 AND
2 1 139 1255 1405 XOR
1 1 1405 2037 INV
2 1 2037 2185 530 XOR
2 1 530 2185 529 AND
2 1 529 2185 2186 XOR
2 1 140 1256 1257 AND
2 1 140 1256 1406 XOR
1 1 1406 2038 INV
2 1 2038 2186 532 XOR
2 1 532 2186 531 AND
2 1 531 2186 2187 XOR
1 1 2187 534 INV
2 1 1406 2186 1479 XOR
2 1 141 1257 1258 AND
2 1 141 1257 1407 XOR
1 1 1407 2039 INV
2 1 2039 2187 1480 XOR
2 1 1480 534 533 AND
2 1 533 2187 2188 XOR
2 1 142 1258 1259 AND
2 1 142 1258 1408 XOR
1 1 1408 2040 INV
2 1 2040 2188 536 XOR
2 1 536 2188 535 AND
2 1 535 2188 2189 XOR
1 1 2189 538 INV
2 1 1408 2188 1481 XOR
2 1 143 1259 1260 AND
2 1 143 1259 1409 XOR
1 1 1409 2041 INV
2 1 2041 2189 1482 XOR
2 1 1482 538 537 AND
2 1 537 2189 2190 XOR
1 1 2190 540 INV
2 1 144 1260 1261 AND
2 1 144 1260 1410 XOR
1 1 1410 2042 INV
2 1 2042 2190 1483 XOR
2 1 1483 540 539 AND
2 1 539 2190 2191 XOR
2 1 145 1261 1262 AND
2 1 145 1261 1411 XOR
1 1 1411 2043 INV
2 1 2043 2191 542 XOR
2 1 542 2191 541 AND
2 1 541 2191 2192 XOR
2 1 1411 2191 1484 XOR
2 1 146 1262 1263 AND
2 1 146 1262 1412 XOR
1 1 1412 2044 INV
2 1 2044 2192 544 XOR
2 1 544 2192 543 AND
2 1 543 2192 2193 XOR
2 1 1412 2192 1485 XOR
2 1 147 1263 1264 AND
2 1 147 1263 1413 XOR
1 1 1413 2045 INV
2 1 2045 2193 546 XOR
2 1 546 2193 545 AND
2 1 545 2193 2194 XOR
1 1 2194 548 INV
2 1 1413 2193 1486 XOR
2 1 148 1264 1265 AND
1 1 1265 2047 INV
2 1 148 1264 1414 XOR
1 1 1414 2046 INV
2 1 2046 2194 1487 XOR
2 1 1487 548 547 AND
2 1 547 2194 2195 XOR
2 1 1265 2195 1488 XOR
2 1 2047 2195 550 XOR
2 1 550 2195 549 AND
2 1 549 2195 2196 XOR
2 1 1266 2196 1751 AND
2 1 1267 2196 1752 AND
2 1 1268 2196 1753 AND
2 1 1269 2196 1754 AND
2 1 1270 2196 1755 AND
2 1 1271 2196 1756 AND
2 1 1272 2196 1757 AND
2 1 1273 2196 1758 AND
2 1 1274 2196 1759 AND
2 1 1275 2196 1760 AND
2 1 1276 2196 1761 AND
2 1 1277 2196 1762 AND
2 1 1278 2196 1763 AND
2 1 1279 2196 1764 AND
2 1 1280 2196 1765 AND
2 1 1281 2196 1766 AND
2 1 1282 2196 1767 AND
2 1 1283 2196 1768 AND
2 1 1284 2196 1769 AND
2 1 1285 2196 1770 AND
2 1 1286 2196 1771 AND
2 1 1287 2196 1772 AND
2 1 1288 2196 1773 AND
2 1 1289 2196 1774 AND
2 1 1290 2196 1775 AND
2 1 1291 2196 1776 AND
2 1 1292 2196 1777 AND
2 1 1293 2196 1778 AND
2 1 1294 2196 1779 AND
2 1 1295 2196 1780 AND
2 1 1296 2196 1781 AND
2 1 1297 2196 1782 AND
2 1 1298 2196 1783 AND
2 1 1299 2196 1784 AND
2 1 1300 2196 1785 AND
2 1 1308 2196 1793 AND
2 1 1307 2196 1792 AND
2 1 1309 2196 1794 AND
2 1 1317 2196 1802 AND
2 1 1316 2196 1801 AND
2 1 1325 2196 1810 AND
2 1 1324 2196 1809 AND
2 1 1326 2196 1811 AND
2 1 1410 2196 1819 AND
2 1 1409 2196 1818 AND
2 1 1411 2196 1820 AND
2 1 1306 2196 1791 AND
2 1 1265 2196 1824 AND
2 1 1303 2196 1788 AND
2 1 1310 2196 1795 AND
2 1 1311 2196 1796 AND
2 1 1318 2196 1803 AND
2 1 1328 2196 1813 AND
2 1 1413 2196 1822 AND
2 1 1304 2196 1789 AND
2 1 1321 2196 1806 AND
2 1 1301 2196 1786 AND
2 1 1327 2196 1812 AND
2 1 1312 2196 1797 AND
2 1 1329 2196 1814 AND
2 1 1406 2196 1815 AND
2 1 1314 2196 1799 AND
2 1 1323 2196 1808 AND
2 1 1322 2196 1807 AND
2 1 1407 2196 1816 AND
2 1 1408 2196 1817 AND
2 1 1315 2196 1800 AND
2 1 1302 2196 1787 AND
2 1 1412 2196 1821 AND
2 1 1414 2196 1823 AND
2 1 1305 2196 1790 AND
2 1 1319 2196 1804 AND
2 1 1313 2196 1798 AND
2 1 1320 2196 1805 AND
1 1 2196 2197 INV
2 1 1440 2197 1850 AND
2 1 1776 1850 1514 XOR
2 1 1441 2197 1851 AND
2 1 1777 1851 1515 XOR
2 1 1423 2197 1833 AND
2 1 1442 2197 1852 AND
2 1 1778 1852 1516 XOR
2 1 1759 1833 1497 XOR
2 1 1443 2197 1853 AND
2 1 1779 1853 1517 XOR
2 1 1444 2197 1854 AND
2 1 1780 1854 1518 XOR
2 1 1424 2197 1834 AND
2 1 1445 2197 1855 AND
2 1 1781 1855 1519 XOR
2 1 1760 1834 1498 XOR
2 1 1446 2197 1856 AND
2 1 1782 1856 1520 XOR
2 1 1447 2197 1857 AND
2 1 1783 1857 1521 XOR
2 1 1425 2197 1835 AND
2 1 1448 2197 1858 AND
2 1 1784 1858 1522 XOR
2 1 1761 1835 1499 XOR
2 1 1449 2197 1859 AND
2 1 1785 1859 1523 XOR
2 1 1457 2197 1867 AND
2 1 1415 2197 1825 AND
2 1 1751 1825 1489 XOR
2 1 1793 1867 1531 XOR
2 1 1426 2197 1836 AND
2 1 1456 2197 1866 AND
2 1 1792 1866 1530 XOR
2 1 1762 1836 1500 XOR
2 1 1418 2197 1828 AND
2 1 1465 2197 1875 AND
2 1 1464 2197 1874 AND
2 1 1427 2197 1837 AND
2 1 1801 1875 1539 XOR
2 1 1466 2197 1876 AND
2 1 1802 1876 1540 XOR
2 1 1474 2197 1884 AND
2 1 1763 1837 1501 XOR
2 1 1810 1884 1548 XOR
2 1 1754 1828 1492 XOR
2 1 1473 2197 1883 AND
2 1 1809 1883 1547 XOR
2 1 1428 2197 1838 AND
2 1 1483 2197 1893 AND
2 1 1764 1838 1502 XOR
2 1 1819 1893 1557 XOR
2 1 1416 2197 1826 AND
2 1 1482 2197 1892 AND
2 1 1818 1892 1556 XOR
2 1 1429 2197 1839 AND
2 1 1765 1839 1503 XOR
2 1 1419 2197 1829 AND
2 1 1430 2197 1840 AND
2 1 1766 1840 1504 XOR
2 1 1755 1829 1493 XOR
2 1 1459 2197 1869 AND
2 1 1795 1869 1533 XOR
2 1 1468 2197 1878 AND
2 1 1486 2197 1896 AND
2 1 1431 2197 1841 AND
2 1 1475 2197 1885 AND
2 1 1811 1885 1549 XOR
2 1 1767 1841 1505 XOR
2 1 1752 1826 1490 XOR
2 1 1822 1896 1560 XOR
1 1 1557 2331 INV
2 1 1460 2197 1870 AND
2 1 1796 1870 1534 XOR
2 1 1472 2197 1882 AND
1 1 1560 2334 INV
2 1 1463 2197 1873 AND
1 1 1556 2330 INV
2 1 1488 2197 1898 AND
2 1 1824 1898 1562 XOR
2 1 1432 2197 1842 AND
2 1 1768 1842 1506 XOR
2 1 1420 2197 1830 AND
2 1 1450 2197 1860 AND
2 1 1433 2197 1843 AND
2 1 1485 2197 1895 AND
2 1 1769 1843 1507 XOR
2 1 1786 1860 1524 XOR
2 1 1756 1830 1494 XOR
2 1 1481 2197 1891 AND
2 1 1452 2197 1862 AND
2 1 1788 1862 1526 XOR
2 1 1434 2197 1844 AND
2 1 1770 1844 1508 XOR
2 1 1469 2197 1879 AND
2 1 1487 2197 1897 AND
2 1 1435 2197 1845 AND
2 1 1467 2197 1877 AND
2 1 1803 1877 1541 XOR
2 1 1476 2197 1886 AND
2 1 1812 1886 1550 XOR
2 1 1771 1845 1509 XOR
2 1 1799 1873 1537 XOR
2 1 1478 2197 1888 AND
2 1 1814 1888 1552 XOR
2 1 1471 2197 1881 AND
2 1 1421 2197 1831 AND
2 1 1808 1882 1546 XOR
2 1 1455 2197 1865 AND
2 1 1791 1865 1529 XOR
2 1 1470 2197 1880 AND
2 1 1806 1880 1544 XOR
2 1 1436 2197 1846 AND
2 1 1807 1881 1545 XOR
2 1 1772 1846 1510 XOR
2 1 1480 2197 1890 AND
2 1 1816 1890 1554 XOR
2 1 1479 2197 1889 AND
2 1 1815 1889 1553 XOR
1 1 1553 2327 INV
2 1 1757 1831 1495 XOR
2 1 1817 1891 1555 XOR
2 1 1437 2197 1847 AND
2 1 1800 1874 1538 XOR
2 1 1773 1847 1511 XOR
2 1 1477 2197 1887 AND
2 1 1813 1887 1551 XOR
2 1 1417 2197 1827 AND
2 1 1753 1827 1491 XOR
2 1 1491 1490 1627 XOR
1 1 1627 1689 INV
2 1 1821 1895 1559 XOR
1 1 1559 2333 INV
2 1 1438 2197 1848 AND
2 1 1823 1897 1561 XOR
1 1 1561 2335 INV
2 1 1451 2197 1861 AND
2 1 1787 1861 1525 XOR
1 1 1555 2329 INV
1 1 1554 2328 INV
2 1 1484 2197 1894 AND
2 1 1820 1894 1558 XOR
1 1 1558 2332 INV
2 1 1454 2197 1864 AND
2 1 1774 1848 1512 XOR
2 1 1790 1864 1528 XOR
2 1 1462 2197 1872 AND
2 1 1458 2197 1868 AND
2 1 1794 1868 1532 XOR
2 1 1422 2197 1832 AND
2 1 1804 1878 1542 XOR
2 1 1453 2197 1863 AND
2 1 1789 1863 1527 XOR
2 1 1439 2197 1849 AND
2 1 1798 1872 1536 XOR
2 1 1461 2197 1871 AND
2 1 1797 1871 1535 XOR
2 1 1775 1849 1513 XOR
2 1 1805 1879 1543 XOR
1 1 1490 2326 INV
2 1 2326 1627 687 AND
2 1 687 1490 2346 XOR
1 1 2346 689 INV
2 1 1492 2346 1628 XOR
2 1 689 1628 688 AND
2 1 688 2346 2347 XOR
2 1 1493 2347 1629 XOR
1 1 1629 1691 INV
1 1 2347 691 INV
2 1 691 1629 690 AND
2 1 690 2347 2348 XOR
1 1 2348 693 INV
2 1 1494 2348 1630 XOR
2 1 693 1630 692 AND
2 1 692 2348 2349 XOR
2 1 1495 2349 1631 XOR
1 1 1631 1693 INV
1 1 2349 695 INV
2 1 695 1631 694 AND
2 1 694 2349 2350 XOR
1 1 2350 697 INV
1 1 1630 1692 INV
1 1 1628 1690 INV
2 1 1758 1832 1496 XOR
2 1 1496 2350 1632 XOR
1 1 1632 1694 INV
2 1 697 1632 696 AND
2 1 696 2350 2351 XOR
1 1 2351 699 INV
2 1 1497 2351 1633 XOR
1 1 1633 1695 INV
2 1 699 1633 698 AND
2 1 698 2351 2352 XOR
1 1 2352 701 INV
2 1 1498 2352 1634 XOR
1 1 1634 1696 INV
2 1 701 1634 700 AND
2 1 700 2352 2353 XOR
2 1 1499 2353 1635 XOR
1 1 1635 1697 INV
1 1 2353 703 INV
2 1 703 1635 702 AND
2 1 702 2353 2354 XOR
2 1 1500 2354 1636 XOR
1 1 1636 1698 INV
1 1 2354 705 INV
2 1 705 1636 704 AND
2 1 704 2354 2355 XOR
1 1 2355 707 INV
2 1 1501 2355 1637 XOR
2 1 707 1637 706 AND
1 1 1637 1699 INV
2 1 706 2355 2356 XOR
2 1 1502 2356 1638 XOR
1 1 1638 1700 INV
1 1 2356 709 INV
2 1 709 1638 708 AND
2 1 708 2356 2357 XOR
2 1 1503 2357 1639 XOR
1 1 1639 1701 INV
1 1 2357 711 INV
2 1 711 1639 710 AND
2 1 710 2357 2358 XOR
2 1 1504 2358 1640 XOR
1 1 1640 1702 INV
1 1 2358 713 INV
2 1 713 1640 712 AND
2 1 712 2358 2359 XOR
2 1 1505 2359 1641 XOR
1 1 1641 1703 INV
1 1 2359 715 INV
2 1 715 1641 714 AND
2 1 714 2359 2360 XOR
2 1 1506 2360 1642 XOR
1 1 1642 1704 INV
1 1 2360 717 INV
2 1 717 1642 716 AND
2 1 716 2360 2361 XOR
2 1 1507 2361 1643 XOR
1 1 1643 1705 INV
1 1 2361 719 INV
2 1 719 1643 718 AND
2 1 718 2361 2362 XOR
2 1 1508 2362 1644 XOR
1 1 1644 1706 INV
1 1 2362 721 INV
2 1 721 1644 720 AND
2 1 720 2362 2363 XOR
2 1 1509 2363 1645 XOR
1 1 1645 1707 INV
1 1 2363 723 INV
2 1 723 1645 722 AND
2 1 722 2363 2364 XOR
2 1 1510 2364 1646 XOR
1 1 1646 1708 INV
1 1 2364 725 INV
2 1 725 1646 724 AND
2 1 724 2364 2365 XOR
2 1 1511 2365 1647 XOR
1 1 1647 1709 INV
1 1 2365 727 INV
2 1 727 1647 726 AND
2 1 726 2365 2366 XOR
2 1 1512 2366 1648 XOR
1 1 1648 1710 INV
1 1 2366 729 INV
2 1 729 1648 728 AND
2 1 728 2366 2367 XOR
2 1 1513 2367 1649 XOR
1 1 1649 1711 INV
1 1 2367 731 INV
2 1 731 1649 730 AND
2 1 730 2367 2368 XOR
2 1 1514 2368 1650 XOR
1 1 1650 1712 INV
1 1 2368 733 INV
2 1 733 1650 732 AND
2 1 732 2368 2369 XOR
2 1 1515 2369 1651 XOR
1 1 1651 1713 INV
1 1 2369 735 INV
2 1 735 1651 734 AND
2 1 734 2369 2370 XOR
2 1 1516 2370 1652 XOR
1 1 1652 1714 INV
1 1 2370 737 INV
2 1 737 1652 736 AND
2 1 736 2370 2371 XOR
2 1 1517 2371 1653 XOR
1 1 1653 1715 INV
1 1 2371 739 INV
2 1 739 1653 738 AND
2 1 738 2371 2372 XOR
1 1 2372 741 INV
2 1 1518 2372 1654 XOR
2 1 741 1654 740 AND
2 1 740 2372 2373 XOR
1 1 2373 743 INV
2 1 1519 2373 1655 XOR
2 1 743 1655 742 AND
1 1 1655 1717 INV
2 1 742 2373 2374 XOR
2 1 1520 2374 1656 XOR
1 1 1656 1718 INV
1 1 2374 745 INV
2 1 745 1656 744 AND
2 1 744 2374 2375 XOR
1 1 2375 747 INV
2 1 1521 2375 1657 XOR
2 1 747 1657 746 AND
2 1 746 2375 2376 XOR
1 1 2376 749 INV
2 1 1522 2376 1658 XOR
1 1 1658 1720 INV
2 1 749 1658 748 AND
2 1 748 2376 2377 XOR
1 1 2377 751 INV
2 1 1523 2377 1659 XOR
2 1 751 1659 750 AND
2 1 750 2377 2378 XOR
2 1 1524 2378 1660 XOR
1 1 1660 1722 INV
1 1 2378 753 INV
2 1 753 1660 752 AND
2 1 752 2378 2379 XOR
2 1 1525 2379 1661 XOR
1 1 1661 1723 INV
1 1 2379 755 INV
2 1 755 1661 754 AND
2 1 754 2379 2380 XOR
2 1 1526 2380 1662 XOR
1 1 1662 1724 INV
1 1 2380 757 INV
2 1 757 1662 756 AND
2 1 756 2380 2381 XOR
1 1 2381 759 INV
1 1 1659 1721 INV
1 1 1657 1719 INV
2 1 1527 2381 1663 XOR
1 1 1663 1725 INV
2 1 759 1663 758 AND
2 1 758 2381 2382 XOR
1 1 2382 761 INV
2 1 1528 2382 1664 XOR
1 1 1664 1726 INV
2 1 761 1664 760 AND
2 1 760 2382 2383 XOR
1 1 2383 763 INV
2 1 1529 2383 1665 XOR
1 1 1665 1727 INV
2 1 763 1665 762 AND
2 1 762 2383 2384 XOR
2 1 1530 2384 1666 XOR
1 1 2384 765 INV
2 1 765 1666 764 AND
1 1 1666 1728 INV
2 1 764 2384 2385 XOR
1 1 2385 767 INV
2 1 1531 2385 1667 XOR
2 1 767 1667 766 AND
2 1 766 2385 2386 XOR
1 1 2386 769 INV
1 1 1667 1729 INV
2 1 1532 2386 1668 XOR
1 1 1668 1730 INV
2 1 769 1668 768 AND
2 1 768 2386 2387 XOR
2 1 1533 2387 1669 XOR
1 1 1669 1731 INV
1 1 2387 771 INV
2 1 771 1669 770 AND
2 1 770 2387 2388 XOR
2 1 1534 2388 1670 XOR
1 1 1670 1732 INV
1 1 2388 773 INV
2 1 773 1670 772 AND
2 1 772 2388 2389 XOR
2 1 1535 2389 1671 XOR
1 1 1671 1733 INV
1 1 2389 775 INV
2 1 775 1671 774 AND
2 1 774 2389 2390 XOR
2 1 1536 2390 1672 XOR
1 1 1672 1734 INV
1 1 2390 777 INV
2 1 777 1672 776 AND
2 1 776 2390 2391 XOR
1 1 2391 779 INV
2 1 1537 2391 1673 XOR
1 1 1673 1735 INV
2 1 779 1673 778 AND
2 1 778 2391 2392 XOR
1 1 2392 781 INV
2 1 1538 2392 1674 XOR
1 1 1674 1736 INV
2 1 781 1674 780 AND
2 1 780 2392 2393 XOR
2 1 1539 2393 1675 XOR
1 1 1675 1737 INV
1 1 2393 783 INV
2 1 783 1675 782 AND
2 1 782 2393 2394 XOR
1 1 2394 785 INV
2 1 1540 2394 1676 XOR
1 1 1676 1738 INV
2 1 785 1676 784 AND
2 1 784 2394 2395 XOR
2 1 1541 2395 1677 XOR
1 1 1677 1739 INV
1 1 2395 787 INV
2 1 787 1677 786 AND
2 1 786 2395 2396 XOR
1 1 2396 789 INV
2 1 1542 2396 1678 XOR
2 1 789 1678 788 AND
2 1 788 2396 2397 XOR
1 1 2397 791 INV
1 1 1678 1740 INV
2 1 1543 2397 1679 XOR
1 1 1679 1741 INV
2 1 791 1679 790 AND
2 1 790 2397 2398 XOR
2 1 1544 2398 1680 XOR
1 1 1680 1742 INV
1 1 2398 793 INV
2 1 793 1680 792 AND
2 1 792 2398 2399 XOR
2 1 1545 2399 1681 XOR
1 1 2399 795 INV
1 1 1681 1743 INV
2 1 795 1681 794 AND
2 1 794 2399 2400 XOR
1 1 2400 797 INV
2 1 1546 2400 1682 XOR
2 1 797 1682 796 AND
1 1 1682 1744 INV
2 1 796 2400 2401 XOR
2 1 1547 2401 1683 XOR
1 1 1683 1745 INV
1 1 2401 799 INV
2 1 799 1683 798 AND
2 1 798 2401 2402 XOR
1 1 2402 801 INV
2 1 1548 2402 1684 XOR
1 1 1684 1746 INV
2 1 801 1684 800 AND
2 1 800 2402 2403 XOR
2 1 1549 2403 1685 XOR
1 1 1685 1747 INV
1 1 2403 803 INV
2 1 803 1685 802 AND
2 1 802 2403 2404 XOR
2 1 1550 2404 1686 XOR
1 1 1686 1748 INV
1 1 2404 805 INV
2 1 805 1686 804 AND
2 1 804 2404 2405 XOR
1 1 2405 807 INV
2 1 1551 2405 1687 XOR
1 1 1687 1749 INV
2 1 807 1687 806 AND
2 1 806 2405 2406 XOR
2 1 1552 2406 1688 XOR
1 1 1688 1750 INV
1 1 1654 1716 INV
1 1 1562 2336 INV
1 1 1489 1626 INV
2 1 2326 1489 1563 XOR
2 1 1563 1489 551 AND
2 1 551 1489 552 XOR
2 1 552 1689 553 AND
2 1 552 1689 1564 XOR
2 1 553 1690 554 AND
2 1 553 1690 1565 XOR
2 1 554 1691 555 AND
2 1 554 1691 1566 XOR
2 1 555 1692 556 AND
2 1 555 1692 1567 XOR
2 1 556 1693 557 AND
2 1 556 1693 1568 XOR
2 1 557 1694 558 AND
2 1 557 1694 1569 XOR
2 1 558 1695 559 AND
2 1 558 1695 1570 XOR
2 1 559 1696 560 AND
2 1 559 1696 1571 XOR
2 1 560 1697 561 AND
2 1 560 1697 1572 XOR
2 1 561 1698 563 AND
2 1 561 1698 1573 XOR
2 1 1699 563 1574 XOR
2 1 1574 563 562 AND
2 1 562 563 565 XOR
2 1 1700 565 1575 XOR
2 1 1575 565 564 AND
2 1 564 565 567 XOR
2 1 1701 567 1576 XOR
2 1 1576 567 566 AND
2 1 566 567 569 XOR
2 1 1702 569 1577 XOR
2 1 1577 569 568 AND
2 1 568 569 571 XOR
2 1 1703 571 1578 XOR
2 1 1578 571 570 AND
2 1 570 571 573 XOR
2 1 1704 573 1579 XOR
2 1 1579 573 572 AND
2 1 572 573 575 XOR
2 1 1705 575 1580 XOR
2 1 1580 575 574 AND
2 1 574 575 577 XOR
2 1 1706 577 1581 XOR
2 1 1581 577 576 AND
2 1 576 577 579 XOR
2 1 1707 579 1582 XOR
2 1 1582 579 578 AND
2 1 578 579 581 XOR
2 1 1708 581 1583 XOR
2 1 1583 581 580 AND
2 1 580 581 583 XOR
2 1 1709 583 1584 XOR
2 1 1584 583 582 AND
2 1 582 583 585 XOR
2 1 1710 585 1585 XOR
2 1 1585 585 584 AND
2 1 584 585 587 XOR
2 1 1711 587 1586 XOR
2 1 1586 587 586 AND
2 1 586 587 589 XOR
2 1 1712 589 1587 XOR
2 1 1587 589 588 AND
2 1 588 589 591 XOR
2 1 1713 591 1588 XOR
2 1 1588 591 590 AND
2 1 590 591 593 XOR
2 1 1714 593 1589 XOR
2 1 1589 593 592 AND
2 1 592 593 595 XOR
2 1 1715 595 1590 XOR
2 1 1590 595 594 AND
2 1 594 595 597 XOR
2 1 1716 597 1591 XOR
2 1 1591 597 596 AND
2 1 596 597 599 XOR
2 1 1717 599 1592 XOR
2 1 1592 599 598 AND
2 1 598 599 601 XOR
2 1 1718 601 1593 XOR
2 1 1593 601 600 AND
2 1 600 601 603 XOR
2 1 1719 603 1594 XOR
2 1 1594 603 602 AND
2 1 602 603 605 XOR
2 1 1720 605 1595 XOR
2 1 1595 605 604 AND
2 1 604 605 607 XOR
2 1 1721 607 1596 XOR
2 1 1596 607 606 AND
2 1 606 607 609 XOR
2 1 1722 609 1597 XOR
2 1 1597 609 608 AND
2 1 608 609 611 XOR
2 1 1723 611 1598 XOR
2 1 1598 611 610 AND
2 1 610 611 613 XOR
2 1 1724 613 1599 XOR
2 1 1599 613 612 AND
2 1 612 613 615 XOR
2 1 1725 615 1600 XOR
2 1 1600 615 614 AND
2 1 614 615 617 XOR
2 1 1726 617 1601 XOR
2 1 1601 617 616 AND
2 1 616 617 619 XOR
2 1 1727 619 1602 XOR
2 1 1602 619 618 AND
2 1 618 619 621 XOR
2 1 1728 621 1603 XOR
2 1 1603 621 620 AND
2 1 620 621 623 XOR
2 1 1729 623 1604 XOR
2 1 1604 623 622 AND
2 1 622 623 625 XOR
2 1 1730 625 1605 XOR
2 1 1605 625 624 AND
2 1 624 625 627 XOR
2 1 1731 627 1606 XOR
2 1 1606 627 626 AND
2 1 626 627 629 XOR
2 1 1732 629 1607 XOR
2 1 1607 629 628 AND
2 1 628 629 631 XOR
2 1 1733 631 1608 XOR
2 1 1608 631 630 AND
2 1 630 631 633 XOR
2 1 1734 633 1609 XOR
2 1 1609 633 632 AND
2 1 632 633 635 XOR
2 1 1735 635 1610 XOR
2 1 1610 635 634 AND
2 1 634 635 637 XOR
2 1 1736 637 1611 XOR
2 1 1611 637 636 AND
2 1 636 637 639 XOR
2 1 1737 639 1612 XOR
2 1 1612 639 638 AND
2 1 638 639 641 XOR
2 1 1738 641 1613 XOR
2 1 1613 641 640 AND
2 1 640 641 643 XOR
2 1 1739 643 1614 XOR
2 1 1614 643 642 AND
2 1 642 643 645 XOR
2 1 1740 645 1615 XOR
2 1 1615 645 644 AND
2 1 644 645 647 XOR
2 1 1741 647 1616 XOR
2 1 1616 647 646 AND
2 1 646 647 649 XOR
2 1 1742 649 1617 XOR
2 1 1617 649 648 AND
2 1 648 649 651 XOR
2 1 1743 651 1618 XOR
2 1 1618 651 650 AND
2 1 650 651 653 XOR
2 1 1744 653 1619 XOR
2 1 1619 653 652 AND
2 1 652 653 655 XOR
2 1 1745 655 1620 XOR
2 1 1620 655 654 AND
2 1 654 655 657 XOR
2 1 1746 657 1621 XOR
2 1 1621 657 656 AND
2 1 656 657 659 XOR
2 1 1747 659 1622 XOR
2 1 1622 659 658 AND
2 1 658 659 661 XOR
2 1 1748 661 1623 XOR
2 1 1623 661 660 AND
2 1 660 661 663 XOR
2 1 1749 663 1624 XOR
2 1 1624 663 662 AND
2 1 662 663 664 XOR
2 1 1750 664 1625 XOR
2 1 2328 2327 666 XOR
2 1 666 2327 665 AND
2 1 665 2327 2337 XOR
1 1 2337 669 INV
2 1 2329 2337 668 XOR
2 1 668 669 667 AND
2 1 667 2337 2338 XOR
2 1 2330 2338 671 XOR
1 1 2338 672 INV
2 1 671 672 670 AND
2 1 670 2338 2339 XOR
2 1 2331 2339 674 XOR
2 1 674 2339 673 AND
2 1 673 2339 2340 XOR
2 1 2332 2340 676 XOR
2 1 676 2340 675 AND
2 1 675 2340 2341 XOR
2 1 2333 2341 678 XOR
2 1 678 2341 677 AND
2 1 677 2341 2342 XOR
2 1 2334 2342 680 XOR
1 1 2342 681 INV
2 1 680 681 679 AND
2 1 679 2342 2343 XOR
2 1 2335 2343 683 XOR
2 1 683 2343 682 AND
2 1 682 2343 2344 XOR
2 1 2336 2344 685 XOR
2 1 685 2344 684 AND
2 1 684 2344 2345 XOR
2 1 1548 2345 2257 AND
2 1 1533 2345 2242 AND
2 1 1504 2345 2213 AND
2 1 1539 2345 2248 AND
2 1 1546 2345 2255 AND
2 1 1551 2345 2260 AND
2 1 1517 2345 2226 AND
2 1 1520 2345 2229 AND
2 1 1496 2345 2205 AND
2 1 1547 2345 2256 AND
2 1 1498 2345 2207 AND
2 1 1497 2345 2206 AND
2 1 1543 2345 2252 AND
2 1 1511 2345 2220 AND
2 1 1507 2345 2216 AND
2 1 1500 2345 2209 AND
2 1 1526 2345 2235 AND
2 1 1532 2345 2241 AND
2 1 1529 2345 2238 AND
2 1 1544 2345 2253 AND
2 1 1490 2345 2199 AND
2 1 1537 2345 2246 AND
2 1 1515 2345 2224 AND
2 1 1513 2345 2222 AND
2 1 1494 2345 2203 AND
2 1 1509 2345 2218 AND
2 1 1538 2345 2247 AND
2 1 1531 2345 2240 AND
2 1 1489 2345 2198 AND
2 1 1514 2345 2223 AND
2 1 1510 2345 2219 AND
2 1 1491 2345 2200 AND
2 1 1505 2345 2214 AND
2 1 1518 2345 2227 AND
1 1 2345 686 INV
2 1 1579 686 2279 AND
2 1 1567 686 2267 AND
2 1 1570 686 2270 AND
2 1 2206 2270 2518 XOR
2 1 1606 686 2306 AND
2 1 1617 686 2317 AND
2 1 1587 686 2287 AND
2 1 1569 686 2269 AND
2 1 1590 686 2290 AND
2 1 1605 686 2305 AND
2 1 1611 686 2311 AND
2 1 2247 2311 2559 XOR
2 1 1610 686 2310 AND
2 1 1626 686 2262 AND
2 1 2198 2262 2510 XOR
2 1 2226 2290 2538 XOR
2 1 1618 686 2318 AND
2 1 1591 686 2291 AND
2 1 2227 2291 2539 XOR
2 1 1625 686 2325 AND
2 1 1594 686 2294 AND
2 1 1589 686 2289 AND
2 1 1576 686 2276 AND
2 1 2203 2267 2515 XOR
2 1 1599 686 2299 AND
2 1 1578 686 2278 AND
2 1 1571 686 2271 AND
2 1 1565 686 2265 AND
2 1 2235 2299 2547 XOR
2 1 1583 686 2283 AND
2 1 1577 686 2277 AND
2 1 1613 686 2313 AND
2 1 1563 686 2263 AND
2 1 1622 686 2322 AND
2 1 2207 2271 2519 XOR
2 1 1623 686 2323 AND
2 1 1614 686 2314 AND
2 1 2213 2277 2525 XOR
2 1 1575 686 2275 AND
2 1 1508 2345 2217 AND
2 1 1530 2345 2239 AND
2 1 1604 686 2304 AND
2 1 2240 2304 2552 XOR
2 1 1540 2345 2249 AND
2 1 2249 2313 2561 XOR
2 1 1608 686 2308 AND
2 1 1536 2345 2245 AND
2 1 1534 2345 2243 AND
2 1 1506 2345 2215 AND
2 1 2215 2279 2527 XOR
2 1 1542 2345 2251 AND
2 1 1596 686 2296 AND
2 1 1493 2345 2202 AND
2 1 1501 2345 2210 AND
2 1 1609 686 2309 AND
2 1 2245 2309 2557 XOR
2 1 1549 2345 2258 AND
2 1 1574 686 2274 AND
2 1 2210 2274 2522 XOR
2 1 1495 2345 2204 AND
2 1 1584 686 2284 AND
2 1 2220 2284 2532 XOR
2 1 1598 686 2298 AND
2 1 1620 686 2320 AND
2 1 2258 2322 2570 XOR
2 1 1541 2345 2250 AND
2 1 2219 2283 2531 XOR
2 1 1624 686 2324 AND
2 1 2260 2324 2572 XOR
2 1 2199 2263 2511 XOR
2 1 1585 686 2285 AND
2 1 1602 686 2302 AND
2 1 2246 2310 2558 XOR
2 1 1595 686 2295 AND
2 1 1600 686 2300 AND
2 1 1523 2345 2232 AND
2 1 1535 2345 2244 AND
2 1 2244 2308 2556 XOR
2 1 1616 686 2316 AND
2 1 2252 2316 2564 XOR
2 1 1552 2345 2261 AND
2 1 2261 2325 2573 XOR
2 1 1607 686 2307 AND
2 1 2243 2307 2555 XOR
2 1 1521 2345 2230 AND
2 1 2230 2294 2542 XOR
2 1 2238 2302 2550 XOR
2 1 2223 2287 2535 XOR
2 1 2253 2317 2565 XOR
2 1 2214 2278 2526 XOR
2 1 2232 2296 2544 XOR
2 1 1592 686 2292 AND
2 1 1550 2345 2259 AND
2 1 2259 2323 2571 XOR
2 1 1568 686 2268 AND
2 1 1572 686 2272 AND
2 1 1566 686 2266 AND
2 1 2202 2266 2514 XOR
2 1 1615 686 2315 AND
2 1 1597 686 2297 AND
2 1 1522 2345 2231 AND
2 1 2231 2295 2543 XOR
2 1 1528 2345 2237 AND
2 1 1503 2345 2212 AND
2 1 2212 2276 2524 XOR
2 1 2242 2306 2554 XOR
2 1 2250 2314 2562 XOR
2 1 2256 2320 2568 XOR
2 1 2241 2305 2553 XOR
2 1 2204 2268 2516 XOR
2 1 1502 2345 2211 AND
2 1 2211 2275 2523 XOR
2 1 2205 2269 2517 XOR
2 1 1588 686 2288 AND
2 1 2224 2288 2536 XOR
2 1 1586 686 2286 AND
2 1 2222 2286 2534 XOR
2 1 1527 2345 2236 AND
2 1 2236 2300 2548 XOR
2 1 1603 686 2303 AND
2 1 2239 2303 2551 XOR
2 1 1573 686 2273 AND
2 1 1512 2345 2221 AND
2 1 2221 2285 2533 XOR
2 1 1593 686 2293 AND
2 1 2229 2293 2541 XOR
2 1 1619 686 2319 AND
2 1 2255 2319 2567 XOR
2 1 1581 686 2281 AND
2 1 2217 2281 2529 XOR
2 1 1582 686 2282 AND
2 1 2218 2282 2530 XOR
2 1 1580 686 2280 AND
2 1 2216 2280 2528 XOR
2 1 1612 686 2312 AND
2 1 2248 2312 2560 XOR
2 1 1519 2345 2228 AND
2 1 2228 2292 2540 XOR
2 1 1492 2345 2201 AND
2 1 2201 2265 2513 XOR
2 1 1621 686 2321 AND
2 1 2257 2321 2569 XOR
2 1 1564 686 2264 AND
2 1 2200 2264 2512 XOR
2 1 1525 2345 2234 AND
2 1 2234 2298 2546 XOR
2 1 1516 2345 2225 AND
2 1 2225 2289 2537 XOR
2 1 2251 2315 2563 XOR
2 1 1499 2345 2208 AND
2 1 2208 2272 2520 XOR
2 1 1524 2345 2233 AND
2 1 2233 2297 2545 XOR
2 1 1601 686 2301 AND
2 1 2237 2301 2549 XOR
2 1 2209 2273 2521 XOR
2 1 1545 2345 2254 AND
2 1 2254 2318 2566 XOR


