170141183460469231731687303715884105727
2699 2930
2 127 104 
1 64 

2 1 0 127 1264 AND
2 1 0 127 1391 XOR
1 1 1391 1518 INV
1 1 1518 232 INV
2 1 1 128 2763 XOR
2 1 2 129 2764 XOR
2 1 3 130 2765 XOR
2 1 4 131 2766 XOR
2 1 5 132 2767 XOR
2 1 6 133 2768 XOR
2 1 7 134 2769 XOR
2 1 8 135 2770 XOR
2 1 9 136 2771 XOR
2 1 10 137 2772 XOR
2 1 11 138 2773 XOR
2 1 12 139 2774 XOR
2 1 13 140 2775 XOR
2 1 14 141 2776 XOR
2 1 15 142 2777 XOR
2 1 16 143 2778 XOR
2 1 17 144 2779 XOR
2 1 18 145 2780 XOR
2 1 19 146 2781 XOR
2 1 20 147 2782 XOR
2 1 21 148 2783 XOR
2 1 22 149 2784 XOR
2 1 23 150 2785 XOR
2 1 24 151 2786 XOR
2 1 25 152 2787 XOR
2 1 26 153 2788 XOR
2 1 27 154 2789 XOR
2 1 28 155 2790 XOR
2 1 29 156 2791 XOR
2 1 30 157 2792 XOR
2 1 31 158 2793 XOR
2 1 32 159 2794 XOR
2 1 33 160 2795 XOR
2 1 34 161 2796 XOR
2 1 35 162 2797 XOR
2 1 36 163 2798 XOR
2 1 37 164 2799 XOR
2 1 38 165 2800 XOR
2 1 39 166 2801 XOR
2 1 40 167 2802 XOR
2 1 41 168 2803 XOR
2 1 42 169 2804 XOR
2 1 43 170 2805 XOR
2 1 44 171 2806 XOR
2 1 45 172 2807 XOR
2 1 46 173 2808 XOR
2 1 47 174 2809 XOR
2 1 48 175 2810 XOR
2 1 49 176 2811 XOR
2 1 50 177 2812 XOR
2 1 51 178 2813 XOR
2 1 52 179 2814 XOR
2 1 53 180 2815 XOR
2 1 54 181 2816 XOR
2 1 55 182 2817 XOR
2 1 56 183 2818 XOR
2 1 57 184 2819 XOR
2 1 58 185 2820 XOR
2 1 59 186 2821 XOR
2 1 60 187 2822 XOR
2 1 61 188 2823 XOR
2 1 62 189 2824 XOR
2 1 63 190 2825 XOR
2 1 64 191 2826 XOR
2 1 65 192 2827 XOR
2 1 66 193 2828 XOR
2 1 67 194 2829 XOR
2 1 68 195 2830 XOR
2 1 69 196 2831 XOR
2 1 70 197 2832 XOR
2 1 71 198 2833 XOR
2 1 72 199 2834 XOR
2 1 73 200 2835 XOR
2 1 74 201 2836 XOR
2 1 75 202 2837 XOR
2 1 76 203 2838 XOR
2 1 77 204 2839 XOR
2 1 78 205 2840 XOR
2 1 79 206 2841 XOR
2 1 80 207 2842 XOR
2 1 81 208 2843 XOR
2 1 82 209 2844 XOR
2 1 83 210 2845 XOR
2 1 84 211 2846 XOR
2 1 85 212 2847 XOR
2 1 86 213 2848 XOR
2 1 87 214 2849 XOR
2 1 88 215 2850 XOR
2 1 89 216 2851 XOR
2 1 90 217 2852 XOR
2 1 91 218 2853 XOR
2 1 92 219 2854 XOR
2 1 93 220 2855 XOR
2 1 94 221 2856 XOR
2 1 95 222 2857 XOR
2 1 96 223 2858 XOR
2 1 97 224 2859 XOR
2 1 98 225 2860 XOR
2 1 99 226 2861 XOR
2 1 100 227 2862 XOR
2 1 101 228 2863 XOR
2 1 102 229 2864 XOR
2 1 103 230 2865 XOR
2 1 2763 1264 1392 XOR
1 1 1392 2126 INV
2 1 2126 1518 1519 XOR
2 1 1519 232 231 AND
2 1 231 1518 2253 XOR
1 1 2253 234 INV
2 1 1 1264 956 XOR
2 1 128 1264 957 XOR
2 1 956 957 955 AND
2 1 955 1264 1265 XOR
2 1 2764 1265 1393 XOR
1 1 1393 2127 INV
2 1 2127 2253 1520 XOR
2 1 1520 234 233 AND
2 1 233 2253 2254 XOR
1 1 2254 236 INV
2 1 2 1265 959 XOR
2 1 129 1265 960 XOR
2 1 959 960 958 AND
2 1 958 1265 1266 XOR
2 1 2765 1266 1394 XOR
1 1 1394 2128 INV
2 1 2128 2254 1521 XOR
2 1 1521 236 235 AND
2 1 235 2254 2255 XOR
1 1 2255 238 INV
2 1 3 1266 962 XOR
2 1 130 1266 963 XOR
2 1 962 963 961 AND
2 1 961 1266 1267 XOR
2 1 2766 1267 1395 XOR
1 1 1395 2129 INV
2 1 2129 2255 1522 XOR
2 1 1522 238 237 AND
2 1 237 2255 2256 XOR
1 1 2256 240 INV
2 1 4 1267 965 XOR
2 1 131 1267 966 XOR
2 1 965 966 964 AND
2 1 964 1267 1268 XOR
2 1 2767 1268 1396 XOR
1 1 1396 2130 INV
2 1 2130 2256 1523 XOR
2 1 1523 240 239 AND
2 1 239 2256 2257 XOR
1 1 2257 242 INV
2 1 5 1268 968 XOR
2 1 132 1268 969 XOR
2 1 968 969 967 AND
2 1 967 1268 1269 XOR
2 1 2768 1269 1397 XOR
1 1 1397 2131 INV
2 1 2131 2257 1524 XOR
2 1 1524 242 241 AND
2 1 241 2257 2258 XOR
1 1 2258 244 INV
2 1 6 1269 971 XOR
2 1 133 1269 972 XOR
2 1 971 972 970 AND
2 1 970 1269 1270 XOR
2 1 2769 1270 1398 XOR
1 1 1398 2132 INV
2 1 2132 2258 1525 XOR
2 1 1525 244 243 AND
2 1 243 2258 2259 XOR
1 1 2259 246 INV
2 1 7 1270 974 XOR
2 1 134 1270 975 XOR
2 1 974 975 973 AND
2 1 973 1270 1271 XOR
2 1 2770 1271 1399 XOR
1 1 1399 2133 INV
2 1 2133 2259 1526 XOR
2 1 1526 246 245 AND
2 1 245 2259 2260 XOR
1 1 2260 248 INV
2 1 8 1271 977 XOR
2 1 135 1271 978 XOR
2 1 977 978 976 AND
2 1 976 1271 1272 XOR
2 1 2771 1272 1400 XOR
1 1 1400 2134 INV
2 1 2134 2260 1527 XOR
2 1 1527 248 247 AND
2 1 247 2260 2261 XOR
1 1 2261 250 INV
2 1 9 1272 980 XOR
2 1 136 1272 981 XOR
2 1 980 981 979 AND
2 1 979 1272 1273 XOR
2 1 2772 1273 1401 XOR
1 1 1401 2135 INV
2 1 2135 2261 1528 XOR
2 1 1528 250 249 AND
2 1 249 2261 2262 XOR
1 1 2262 252 INV
2 1 10 1273 983 XOR
2 1 137 1273 984 XOR
2 1 983 984 982 AND
2 1 982 1273 1274 XOR
2 1 2773 1274 1402 XOR
1 1 1402 2136 INV
2 1 2136 2262 1529 XOR
2 1 1529 252 251 AND
2 1 251 2262 2263 XOR
1 1 2263 254 INV
2 1 11 1274 986 XOR
2 1 138 1274 987 XOR
2 1 986 987 985 AND
2 1 985 1274 1275 XOR
2 1 2774 1275 1403 XOR
1 1 1403 2137 INV
2 1 2137 2263 1530 XOR
2 1 1530 254 253 AND
2 1 253 2263 2264 XOR
1 1 2264 256 INV
2 1 12 1275 989 XOR
2 1 139 1275 990 XOR
2 1 989 990 988 AND
2 1 988 1275 1276 XOR
2 1 2775 1276 1404 XOR
1 1 1404 2138 INV
2 1 2138 2264 1531 XOR
2 1 1531 256 255 AND
2 1 255 2264 2265 XOR
1 1 2265 258 INV
2 1 13 1276 992 XOR
2 1 140 1276 993 XOR
2 1 992 993 991 AND
2 1 991 1276 1277 XOR
2 1 2776 1277 1405 XOR
1 1 1405 2139 INV
2 1 2139 2265 1532 XOR
2 1 1532 258 257 AND
2 1 257 2265 2266 XOR
1 1 2266 260 INV
2 1 14 1277 995 XOR
2 1 141 1277 996 XOR
2 1 995 996 994 AND
2 1 994 1277 1278 XOR
2 1 2777 1278 1406 XOR
1 1 1406 2140 INV
2 1 2140 2266 1533 XOR
2 1 1533 260 259 AND
2 1 259 2266 2267 XOR
1 1 2267 262 INV
2 1 15 1278 998 XOR
2 1 142 1278 999 XOR
2 1 998 999 997 AND
2 1 997 1278 1279 XOR
2 1 2778 1279 1407 XOR
1 1 1407 2141 INV
2 1 2141 2267 1534 XOR
2 1 1534 262 261 AND
2 1 261 2267 2268 XOR
1 1 2268 264 INV
2 1 16 1279 1001 XOR
2 1 143 1279 1002 XOR
2 1 1001 1002 1000 AND
2 1 1000 1279 1280 XOR
2 1 2779 1280 1408 XOR
1 1 1408 2142 INV
2 1 2142 2268 1535 XOR
2 1 1535 264 263 AND
2 1 263 2268 2269 XOR
1 1 2269 266 INV
2 1 17 1280 1004 XOR
2 1 144 1280 1005 XOR
2 1 1004 1005 1003 AND
2 1 1003 1280 1281 XOR
2 1 2780 1281 1409 XOR
1 1 1409 2143 INV
2 1 2143 2269 1536 XOR
2 1 1536 266 265 AND
2 1 265 2269 2270 XOR
1 1 2270 268 INV
2 1 18 1281 1007 XOR
2 1 145 1281 1008 XOR
2 1 1007 1008 1006 AND
2 1 1006 1281 1282 XOR
2 1 2781 1282 1410 XOR
1 1 1410 2144 INV
2 1 2144 2270 1537 XOR
2 1 1537 268 267 AND
2 1 267 2270 2271 XOR
1 1 2271 270 INV
2 1 19 1282 1010 XOR
2 1 146 1282 1011 XOR
2 1 1010 1011 1009 AND
2 1 1009 1282 1283 XOR
2 1 2782 1283 1411 XOR
1 1 1411 2145 INV
2 1 2145 2271 1538 XOR
2 1 1538 270 269 AND
2 1 269 2271 2272 XOR
1 1 2272 272 INV
2 1 20 1283 1013 XOR
2 1 147 1283 1014 XOR
2 1 1013 1014 1012 AND
2 1 1012 1283 1284 XOR
2 1 2783 1284 1412 XOR
1 1 1412 2146 INV
2 1 2146 2272 1539 XOR
2 1 1539 272 271 AND
2 1 271 2272 2273 XOR
1 1 2273 274 INV
2 1 21 1284 1016 XOR
2 1 148 1284 1017 XOR
2 1 1016 1017 1015 AND
2 1 1015 1284 1285 XOR
2 1 2784 1285 1413 XOR
1 1 1413 2147 INV
2 1 2147 2273 1540 XOR
2 1 1540 274 273 AND
2 1 273 2273 2274 XOR
1 1 2274 276 INV
2 1 22 1285 1019 XOR
2 1 149 1285 1020 XOR
2 1 1019 1020 1018 AND
2 1 1018 1285 1286 XOR
2 1 2785 1286 1414 XOR
1 1 1414 2148 INV
2 1 2148 2274 1541 XOR
2 1 1541 276 275 AND
2 1 275 2274 2275 XOR
1 1 2275 278 INV
2 1 23 1286 1022 XOR
2 1 150 1286 1023 XOR
2 1 1022 1023 1021 AND
2 1 1021 1286 1287 XOR
2 1 2786 1287 1415 XOR
1 1 1415 2149 INV
2 1 2149 2275 1542 XOR
2 1 1542 278 277 AND
2 1 277 2275 2276 XOR
1 1 2276 280 INV
2 1 24 1287 1025 XOR
2 1 151 1287 1026 XOR
2 1 1025 1026 1024 AND
2 1 1024 1287 1288 XOR
2 1 2787 1288 1416 XOR
1 1 1416 2150 INV
2 1 2150 2276 1543 XOR
2 1 1543 280 279 AND
2 1 279 2276 2277 XOR
1 1 2277 282 INV
2 1 25 1288 1028 XOR
2 1 152 1288 1029 XOR
2 1 1028 1029 1027 AND
2 1 1027 1288 1289 XOR
2 1 2788 1289 1417 XOR
1 1 1417 2151 INV
2 1 2151 2277 1544 XOR
2 1 1544 282 281 AND
2 1 281 2277 2278 XOR
1 1 2278 284 INV
2 1 26 1289 1031 XOR
2 1 153 1289 1032 XOR
2 1 1031 1032 1030 AND
2 1 1030 1289 1290 XOR
2 1 2789 1290 1418 XOR
1 1 1418 2152 INV
2 1 2152 2278 1545 XOR
2 1 1545 284 283 AND
2 1 283 2278 2279 XOR
1 1 2279 286 INV
2 1 27 1290 1034 XOR
2 1 154 1290 1035 XOR
2 1 1034 1035 1033 AND
2 1 1033 1290 1291 XOR
2 1 2790 1291 1419 XOR
1 1 1419 2153 INV
2 1 2153 2279 1546 XOR
2 1 1546 286 285 AND
2 1 285 2279 2280 XOR
1 1 2280 288 INV
2 1 28 1291 1037 XOR
2 1 155 1291 1038 XOR
2 1 1037 1038 1036 AND
2 1 1036 1291 1292 XOR
2 1 2791 1292 1420 XOR
1 1 1420 2154 INV
2 1 2154 2280 1547 XOR
2 1 1547 288 287 AND
2 1 287 2280 2281 XOR
1 1 2281 290 INV
2 1 29 1292 1040 XOR
2 1 156 1292 1041 XOR
2 1 1040 1041 1039 AND
2 1 1039 1292 1293 XOR
2 1 2792 1293 1421 XOR
1 1 1421 2155 INV
2 1 2155 2281 1548 XOR
2 1 1548 290 289 AND
2 1 289 2281 2282 XOR
1 1 2282 292 INV
2 1 30 1293 1043 XOR
2 1 157 1293 1044 XOR
2 1 1043 1044 1042 AND
2 1 1042 1293 1294 XOR
2 1 2793 1294 1422 XOR
1 1 1422 2156 INV
2 1 2156 2282 1549 XOR
2 1 1549 292 291 AND
2 1 291 2282 2283 XOR
1 1 2283 294 INV
2 1 31 1294 1046 XOR
2 1 158 1294 1047 XOR
2 1 1046 1047 1045 AND
2 1 1045 1294 1295 XOR
2 1 2794 1295 1423 XOR
1 1 1423 2157 INV
2 1 2157 2283 1550 XOR
2 1 1550 294 293 AND
2 1 293 2283 2284 XOR
1 1 2284 296 INV
2 1 32 1295 1049 XOR
2 1 159 1295 1050 XOR
2 1 1049 1050 1048 AND
2 1 1048 1295 1296 XOR
2 1 2795 1296 1424 XOR
1 1 1424 2158 INV
2 1 2158 2284 1551 XOR
2 1 1551 296 295 AND
2 1 295 2284 2285 XOR
1 1 2285 298 INV
2 1 33 1296 1052 XOR
2 1 160 1296 1053 XOR
2 1 1052 1053 1051 AND
2 1 1051 1296 1297 XOR
2 1 2796 1297 1425 XOR
1 1 1425 2159 INV
2 1 2159 2285 1552 XOR
2 1 1552 298 297 AND
2 1 297 2285 2286 XOR
1 1 2286 300 INV
2 1 34 1297 1055 XOR
2 1 161 1297 1056 XOR
2 1 1055 1056 1054 AND
2 1 1054 1297 1298 XOR
2 1 2797 1298 1426 XOR
1 1 1426 2160 INV
2 1 2160 2286 1553 XOR
2 1 1553 300 299 AND
2 1 299 2286 2287 XOR
1 1 2287 302 INV
2 1 35 1298 1058 XOR
2 1 162 1298 1059 XOR
2 1 1058 1059 1057 AND
2 1 1057 1298 1299 XOR
2 1 2798 1299 1427 XOR
1 1 1427 2161 INV
2 1 2161 2287 1554 XOR
2 1 1554 302 301 AND
2 1 301 2287 2288 XOR
1 1 2288 304 INV
2 1 36 1299 1061 XOR
2 1 163 1299 1062 XOR
2 1 1061 1062 1060 AND
2 1 1060 1299 1300 XOR
2 1 2799 1300 1428 XOR
1 1 1428 2162 INV
2 1 2162 2288 1555 XOR
2 1 1555 304 303 AND
2 1 303 2288 2289 XOR
1 1 2289 306 INV
2 1 37 1300 1064 XOR
2 1 164 1300 1065 XOR
2 1 1064 1065 1063 AND
2 1 1063 1300 1301 XOR
2 1 2800 1301 1429 XOR
1 1 1429 2163 INV
2 1 2163 2289 1556 XOR
2 1 1556 306 305 AND
2 1 305 2289 2290 XOR
1 1 2290 308 INV
2 1 38 1301 1067 XOR
2 1 165 1301 1068 XOR
2 1 1067 1068 1066 AND
2 1 1066 1301 1302 XOR
2 1 2801 1302 1430 XOR
1 1 1430 2164 INV
2 1 2164 2290 1557 XOR
2 1 1557 308 307 AND
2 1 307 2290 2291 XOR
1 1 2291 310 INV
2 1 39 1302 1070 XOR
2 1 166 1302 1071 XOR
2 1 1070 1071 1069 AND
2 1 1069 1302 1303 XOR
2 1 2802 1303 1431 XOR
1 1 1431 2165 INV
2 1 2165 2291 1558 XOR
2 1 1558 310 309 AND
2 1 309 2291 2292 XOR
1 1 2292 312 INV
2 1 40 1303 1073 XOR
2 1 167 1303 1074 XOR
2 1 1073 1074 1072 AND
2 1 1072 1303 1304 XOR
2 1 2803 1304 1432 XOR
1 1 1432 2166 INV
2 1 2166 2292 1559 XOR
2 1 1559 312 311 AND
2 1 311 2292 2293 XOR
1 1 2293 314 INV
2 1 41 1304 1076 XOR
2 1 168 1304 1077 XOR
2 1 1076 1077 1075 AND
2 1 1075 1304 1305 XOR
2 1 2804 1305 1433 XOR
1 1 1433 2167 INV
2 1 2167 2293 1560 XOR
2 1 1560 314 313 AND
2 1 313 2293 2294 XOR
1 1 2294 316 INV
2 1 42 1305 1079 XOR
2 1 169 1305 1080 XOR
2 1 1079 1080 1078 AND
2 1 1078 1305 1306 XOR
2 1 2805 1306 1434 XOR
1 1 1434 2168 INV
2 1 2168 2294 1561 XOR
2 1 1561 316 315 AND
2 1 315 2294 2295 XOR
1 1 2295 318 INV
2 1 43 1306 1082 XOR
2 1 170 1306 1083 XOR
2 1 1082 1083 1081 AND
2 1 1081 1306 1307 XOR
2 1 2806 1307 1435 XOR
1 1 1435 2169 INV
2 1 2169 2295 1562 XOR
2 1 1562 318 317 AND
2 1 317 2295 2296 XOR
1 1 2296 320 INV
2 1 44 1307 1085 XOR
2 1 171 1307 1086 XOR
2 1 1085 1086 1084 AND
2 1 1084 1307 1308 XOR
2 1 2807 1308 1436 XOR
1 1 1436 2170 INV
2 1 2170 2296 1563 XOR
2 1 1563 320 319 AND
2 1 319 2296 2297 XOR
1 1 2297 322 INV
2 1 45 1308 1088 XOR
2 1 172 1308 1089 XOR
2 1 1088 1089 1087 AND
2 1 1087 1308 1309 XOR
2 1 2808 1309 1437 XOR
1 1 1437 2171 INV
2 1 2171 2297 1564 XOR
2 1 1564 322 321 AND
2 1 321 2297 2298 XOR
1 1 2298 324 INV
2 1 46 1309 1091 XOR
2 1 173 1309 1092 XOR
2 1 1091 1092 1090 AND
2 1 1090 1309 1310 XOR
2 1 2809 1310 1438 XOR
1 1 1438 2172 INV
2 1 2172 2298 1565 XOR
2 1 1565 324 323 AND
2 1 323 2298 2299 XOR
1 1 2299 326 INV
2 1 47 1310 1094 XOR
2 1 174 1310 1095 XOR
2 1 1094 1095 1093 AND
2 1 1093 1310 1311 XOR
2 1 2810 1311 1439 XOR
1 1 1439 2173 INV
2 1 2173 2299 1566 XOR
2 1 1566 326 325 AND
2 1 325 2299 2300 XOR
1 1 2300 328 INV
2 1 48 1311 1097 XOR
2 1 175 1311 1098 XOR
2 1 1097 1098 1096 AND
2 1 1096 1311 1312 XOR
2 1 2811 1312 1440 XOR
1 1 1440 2174 INV
2 1 2174 2300 1567 XOR
2 1 1567 328 327 AND
2 1 327 2300 2301 XOR
1 1 2301 330 INV
2 1 49 1312 1100 XOR
2 1 176 1312 1101 XOR
2 1 1100 1101 1099 AND
2 1 1099 1312 1313 XOR
2 1 2812 1313 1441 XOR
1 1 1441 2175 INV
2 1 2175 2301 1568 XOR
2 1 1568 330 329 AND
2 1 329 2301 2302 XOR
1 1 2302 332 INV
2 1 50 1313 1103 XOR
2 1 177 1313 1104 XOR
2 1 1103 1104 1102 AND
2 1 1102 1313 1314 XOR
2 1 2813 1314 1442 XOR
1 1 1442 2176 INV
2 1 2176 2302 1569 XOR
2 1 1569 332 331 AND
2 1 331 2302 2303 XOR
1 1 2303 334 INV
2 1 51 1314 1106 XOR
2 1 178 1314 1107 XOR
2 1 1106 1107 1105 AND
2 1 1105 1314 1315 XOR
2 1 2814 1315 1443 XOR
1 1 1443 2177 INV
2 1 2177 2303 1570 XOR
2 1 1570 334 333 AND
2 1 333 2303 2304 XOR
1 1 2304 336 INV
2 1 52 1315 1109 XOR
2 1 179 1315 1110 XOR
2 1 1109 1110 1108 AND
2 1 1108 1315 1316 XOR
2 1 2815 1316 1444 XOR
1 1 1444 2178 INV
2 1 2178 2304 1571 XOR
2 1 1571 336 335 AND
2 1 335 2304 2305 XOR
1 1 2305 338 INV
2 1 53 1316 1112 XOR
2 1 180 1316 1113 XOR
2 1 1112 1113 1111 AND
2 1 1111 1316 1317 XOR
2 1 2816 1317 1445 XOR
1 1 1445 2179 INV
2 1 2179 2305 1572 XOR
2 1 1572 338 337 AND
2 1 337 2305 2306 XOR
1 1 2306 340 INV
2 1 54 1317 1115 XOR
2 1 181 1317 1116 XOR
2 1 1115 1116 1114 AND
2 1 1114 1317 1318 XOR
2 1 2817 1318 1446 XOR
1 1 1446 2180 INV
2 1 2180 2306 1573 XOR
2 1 1573 340 339 AND
2 1 339 2306 2307 XOR
1 1 2307 342 INV
2 1 55 1318 1118 XOR
2 1 182 1318 1119 XOR
2 1 1118 1119 1117 AND
2 1 1117 1318 1319 XOR
2 1 2818 1319 1447 XOR
1 1 1447 2181 INV
2 1 2181 2307 1574 XOR
2 1 1574 342 341 AND
2 1 341 2307 2308 XOR
1 1 2308 344 INV
2 1 56 1319 1121 XOR
2 1 183 1319 1122 XOR
2 1 1121 1122 1120 AND
2 1 1120 1319 1320 XOR
2 1 2819 1320 1448 XOR
1 1 1448 2182 INV
2 1 2182 2308 1575 XOR
2 1 1575 344 343 AND
2 1 343 2308 2309 XOR
1 1 2309 346 INV
2 1 57 1320 1124 XOR
2 1 184 1320 1125 XOR
2 1 1124 1125 1123 AND
2 1 1123 1320 1321 XOR
2 1 2820 1321 1449 XOR
1 1 1449 2183 INV
2 1 2183 2309 1576 XOR
2 1 1576 346 345 AND
2 1 345 2309 2310 XOR
1 1 2310 348 INV
2 1 58 1321 1127 XOR
2 1 185 1321 1128 XOR
2 1 1127 1128 1126 AND
2 1 1126 1321 1322 XOR
2 1 2821 1322 1450 XOR
1 1 1450 2184 INV
2 1 2184 2310 1577 XOR
2 1 1577 348 347 AND
2 1 347 2310 2311 XOR
1 1 2311 350 INV
2 1 59 1322 1130 XOR
2 1 186 1322 1131 XOR
2 1 1130 1131 1129 AND
2 1 1129 1322 1323 XOR
2 1 2822 1323 1451 XOR
1 1 1451 2185 INV
2 1 2185 2311 1578 XOR
2 1 1578 350 349 AND
2 1 349 2311 2312 XOR
1 1 2312 352 INV
2 1 60 1323 1133 XOR
2 1 187 1323 1134 XOR
2 1 1133 1134 1132 AND
2 1 1132 1323 1324 XOR
2 1 2823 1324 1452 XOR
1 1 1452 2186 INV
2 1 2186 2312 1579 XOR
2 1 1579 352 351 AND
2 1 351 2312 2313 XOR
1 1 2313 354 INV
2 1 61 1324 1136 XOR
2 1 188 1324 1137 XOR
2 1 1136 1137 1135 AND
2 1 1135 1324 1325 XOR
2 1 2824 1325 1453 XOR
1 1 1453 2187 INV
2 1 2187 2313 1580 XOR
2 1 1580 354 353 AND
2 1 353 2313 2314 XOR
1 1 2314 356 INV
2 1 62 1325 1139 XOR
2 1 189 1325 1140 XOR
2 1 1139 1140 1138 AND
2 1 1138 1325 1326 XOR
2 1 2825 1326 1454 XOR
1 1 1454 2188 INV
2 1 2188 2314 1581 XOR
2 1 1581 356 355 AND
2 1 355 2314 2315 XOR
1 1 2315 358 INV
2 1 63 1326 1142 XOR
2 1 190 1326 1143 XOR
2 1 1142 1143 1141 AND
2 1 1141 1326 1327 XOR
2 1 2826 1327 1455 XOR
1 1 1455 2189 INV
2 1 2189 2315 1582 XOR
2 1 1582 358 357 AND
2 1 357 2315 2316 XOR
1 1 2316 360 INV
2 1 64 1327 1145 XOR
2 1 191 1327 1146 XOR
2 1 1145 1146 1144 AND
2 1 1144 1327 1328 XOR
2 1 2827 1328 1456 XOR
1 1 1456 2190 INV
2 1 2190 2316 1583 XOR
2 1 1583 360 359 AND
2 1 359 2316 2317 XOR
1 1 2317 362 INV
2 1 65 1328 1148 XOR
2 1 192 1328 1149 XOR
2 1 1148 1149 1147 AND
2 1 1147 1328 1329 XOR
2 1 2828 1329 1457 XOR
1 1 1457 2191 INV
2 1 2191 2317 1584 XOR
2 1 1584 362 361 AND
2 1 361 2317 2318 XOR
1 1 2318 364 INV
2 1 66 1329 1151 XOR
2 1 193 1329 1152 XOR
2 1 1151 1152 1150 AND
2 1 1150 1329 1330 XOR
2 1 2829 1330 1458 XOR
1 1 1458 2192 INV
2 1 2192 2318 1585 XOR
2 1 1585 364 363 AND
2 1 363 2318 2319 XOR
1 1 2319 366 INV
2 1 67 1330 1154 XOR
2 1 194 1330 1155 XOR
2 1 1154 1155 1153 AND
2 1 1153 1330 1331 XOR
2 1 2830 1331 1459 XOR
1 1 1459 2193 INV
2 1 2193 2319 1586 XOR
2 1 1586 366 365 AND
2 1 365 2319 2320 XOR
1 1 2320 368 INV
2 1 68 1331 1157 XOR
2 1 195 1331 1158 XOR
2 1 1157 1158 1156 AND
2 1 1156 1331 1332 XOR
2 1 2831 1332 1460 XOR
1 1 1460 2194 INV
2 1 2194 2320 1587 XOR
2 1 1587 368 367 AND
2 1 367 2320 2321 XOR
1 1 2321 370 INV
2 1 69 1332 1160 XOR
2 1 196 1332 1161 XOR
2 1 1160 1161 1159 AND
2 1 1159 1332 1333 XOR
2 1 2832 1333 1461 XOR
1 1 1461 2195 INV
2 1 2195 2321 1588 XOR
2 1 1588 370 369 AND
2 1 369 2321 2322 XOR
1 1 2322 372 INV
2 1 70 1333 1163 XOR
2 1 197 1333 1164 XOR
2 1 1163 1164 1162 AND
2 1 1162 1333 1334 XOR
2 1 2833 1334 1462 XOR
1 1 1462 2196 INV
2 1 2196 2322 1589 XOR
2 1 1589 372 371 AND
2 1 371 2322 2323 XOR
1 1 2323 374 INV
2 1 71 1334 1166 XOR
2 1 198 1334 1167 XOR
2 1 1166 1167 1165 AND
2 1 1165 1334 1335 XOR
2 1 2834 1335 1463 XOR
1 1 1463 2197 INV
2 1 2197 2323 1590 XOR
2 1 1590 374 373 AND
2 1 373 2323 2324 XOR
1 1 2324 376 INV
2 1 72 1335 1169 XOR
2 1 199 1335 1170 XOR
2 1 1169 1170 1168 AND
2 1 1168 1335 1336 XOR
2 1 2835 1336 1464 XOR
1 1 1464 2198 INV
2 1 2198 2324 1591 XOR
2 1 1591 376 375 AND
2 1 375 2324 2325 XOR
1 1 2325 378 INV
2 1 73 1336 1172 XOR
2 1 200 1336 1173 XOR
2 1 1172 1173 1171 AND
2 1 1171 1336 1337 XOR
2 1 2836 1337 1465 XOR
1 1 1465 2199 INV
2 1 2199 2325 1592 XOR
2 1 1592 378 377 AND
2 1 377 2325 2326 XOR
1 1 2326 380 INV
2 1 74 1337 1175 XOR
2 1 201 1337 1176 XOR
2 1 1175 1176 1174 AND
2 1 1174 1337 1338 XOR
2 1 2837 1338 1466 XOR
1 1 1466 2200 INV
2 1 2200 2326 1593 XOR
2 1 1593 380 379 AND
2 1 379 2326 2327 XOR
1 1 2327 382 INV
2 1 75 1338 1178 XOR
2 1 202 1338 1179 XOR
2 1 1178 1179 1177 AND
2 1 1177 1338 1339 XOR
2 1 2838 1339 1467 XOR
1 1 1467 2201 INV
2 1 2201 2327 1594 XOR
2 1 1594 382 381 AND
2 1 381 2327 2328 XOR
1 1 2328 384 INV
2 1 76 1339 1181 XOR
2 1 203 1339 1182 XOR
2 1 1181 1182 1180 AND
2 1 1180 1339 1340 XOR
2 1 2839 1340 1468 XOR
1 1 1468 2202 INV
2 1 2202 2328 1595 XOR
2 1 1595 384 383 AND
2 1 383 2328 2329 XOR
1 1 2329 386 INV
2 1 77 1340 1184 XOR
2 1 204 1340 1185 XOR
2 1 1184 1185 1183 AND
2 1 1183 1340 1341 XOR
2 1 2840 1341 1469 XOR
1 1 1469 2203 INV
2 1 2203 2329 1596 XOR
2 1 1596 386 385 AND
2 1 385 2329 2330 XOR
1 1 2330 388 INV
2 1 78 1341 1187 XOR
2 1 205 1341 1188 XOR
2 1 1187 1188 1186 AND
2 1 1186 1341 1342 XOR
2 1 2841 1342 1470 XOR
1 1 1470 2204 INV
2 1 2204 2330 1597 XOR
2 1 1597 388 387 AND
2 1 387 2330 2331 XOR
1 1 2331 390 INV
2 1 79 1342 1190 XOR
2 1 206 1342 1191 XOR
2 1 1190 1191 1189 AND
2 1 1189 1342 1343 XOR
2 1 2842 1343 1471 XOR
1 1 1471 2205 INV
2 1 2205 2331 1598 XOR
2 1 1598 390 389 AND
2 1 389 2331 2332 XOR
1 1 2332 392 INV
2 1 80 1343 1193 XOR
2 1 207 1343 1194 XOR
2 1 1193 1194 1192 AND
2 1 1192 1343 1344 XOR
2 1 2843 1344 1472 XOR
1 1 1472 2206 INV
2 1 2206 2332 1599 XOR
2 1 1599 392 391 AND
2 1 391 2332 2333 XOR
1 1 2333 394 INV
2 1 81 1344 1196 XOR
2 1 208 1344 1197 XOR
2 1 1196 1197 1195 AND
2 1 1195 1344 1345 XOR
2 1 2844 1345 1473 XOR
1 1 1473 2207 INV
2 1 2207 2333 1600 XOR
2 1 1600 394 393 AND
2 1 393 2333 2334 XOR
1 1 2334 396 INV
2 1 82 1345 1199 XOR
2 1 209 1345 1200 XOR
2 1 1199 1200 1198 AND
2 1 1198 1345 1346 XOR
2 1 2845 1346 1474 XOR
1 1 1474 2208 INV
2 1 2208 2334 1601 XOR
2 1 1601 396 395 AND
2 1 395 2334 2335 XOR
1 1 2335 398 INV
2 1 83 1346 1202 XOR
2 1 210 1346 1203 XOR
2 1 1202 1203 1201 AND
2 1 1201 1346 1347 XOR
2 1 2846 1347 1475 XOR
1 1 1475 2209 INV
2 1 2209 2335 1602 XOR
2 1 1602 398 397 AND
2 1 397 2335 2336 XOR
1 1 2336 400 INV
2 1 84 1347 1205 XOR
2 1 211 1347 1206 XOR
2 1 1205 1206 1204 AND
2 1 1204 1347 1348 XOR
2 1 2847 1348 1476 XOR
1 1 1476 2210 INV
2 1 2210 2336 1603 XOR
2 1 1603 400 399 AND
2 1 399 2336 2337 XOR
1 1 2337 402 INV
2 1 85 1348 1208 XOR
2 1 212 1348 1209 XOR
2 1 1208 1209 1207 AND
2 1 1207 1348 1349 XOR
2 1 2848 1349 1477 XOR
1 1 1477 2211 INV
2 1 2211 2337 1604 XOR
2 1 1604 402 401 AND
2 1 401 2337 2338 XOR
1 1 2338 404 INV
2 1 86 1349 1211 XOR
2 1 213 1349 1212 XOR
2 1 1211 1212 1210 AND
2 1 1210 1349 1350 XOR
2 1 2849 1350 1478 XOR
1 1 1478 2212 INV
2 1 2212 2338 1605 XOR
2 1 1605 404 403 AND
2 1 403 2338 2339 XOR
1 1 2339 406 INV
2 1 87 1350 1214 XOR
2 1 214 1350 1215 XOR
2 1 1214 1215 1213 AND
2 1 1213 1350 1351 XOR
2 1 2850 1351 1479 XOR
1 1 1479 2213 INV
2 1 2213 2339 1606 XOR
2 1 1606 406 405 AND
2 1 405 2339 2340 XOR
1 1 2340 408 INV
2 1 88 1351 1217 XOR
2 1 215 1351 1218 XOR
2 1 1217 1218 1216 AND
2 1 1216 1351 1352 XOR
2 1 2851 1352 1480 XOR
1 1 1480 2214 INV
2 1 2214 2340 1607 XOR
2 1 1607 408 407 AND
2 1 407 2340 2341 XOR
1 1 2341 410 INV
2 1 89 1352 1220 XOR
2 1 216 1352 1221 XOR
2 1 1220 1221 1219 AND
2 1 1219 1352 1353 XOR
2 1 2852 1353 1481 XOR
1 1 1481 2215 INV
2 1 2215 2341 1608 XOR
2 1 1608 410 409 AND
2 1 409 2341 2342 XOR
1 1 2342 412 INV
2 1 90 1353 1223 XOR
2 1 217 1353 1224 XOR
2 1 1223 1224 1222 AND
2 1 1222 1353 1354 XOR
2 1 2853 1354 1482 XOR
1 1 1482 2216 INV
2 1 2216 2342 1609 XOR
2 1 1609 412 411 AND
2 1 411 2342 2343 XOR
1 1 2343 414 INV
2 1 91 1354 1226 XOR
2 1 218 1354 1227 XOR
2 1 1226 1227 1225 AND
2 1 1225 1354 1355 XOR
2 1 2854 1355 1483 XOR
1 1 1483 2217 INV
2 1 2217 2343 1610 XOR
2 1 1610 414 413 AND
2 1 413 2343 2344 XOR
1 1 2344 416 INV
2 1 92 1355 1229 XOR
2 1 219 1355 1230 XOR
2 1 1229 1230 1228 AND
2 1 1228 1355 1356 XOR
2 1 2855 1356 1484 XOR
1 1 1484 2218 INV
2 1 2218 2344 1611 XOR
2 1 1611 416 415 AND
2 1 415 2344 2345 XOR
1 1 2345 418 INV
2 1 93 1356 1232 XOR
2 1 220 1356 1233 XOR
2 1 1232 1233 1231 AND
2 1 1231 1356 1357 XOR
2 1 2856 1357 1485 XOR
1 1 1485 2219 INV
2 1 2219 2345 1612 XOR
2 1 1612 418 417 AND
2 1 417 2345 2346 XOR
1 1 2346 420 INV
2 1 94 1357 1235 XOR
2 1 221 1357 1236 XOR
2 1 1235 1236 1234 AND
2 1 1234 1357 1358 XOR
2 1 2857 1358 1486 XOR
1 1 1486 2220 INV
2 1 2220 2346 1613 XOR
2 1 1613 420 419 AND
2 1 419 2346 2347 XOR
1 1 2347 422 INV
2 1 95 1358 1238 XOR
2 1 222 1358 1239 XOR
2 1 1238 1239 1237 AND
2 1 1237 1358 1359 XOR
2 1 2858 1359 1487 XOR
1 1 1487 2221 INV
2 1 2221 2347 1614 XOR
2 1 1614 422 421 AND
2 1 421 2347 2348 XOR
1 1 2348 424 INV
2 1 96 1359 1241 XOR
2 1 223 1359 1242 XOR
2 1 1241 1242 1240 AND
2 1 1240 1359 1360 XOR
2 1 2859 1360 1488 XOR
1 1 1488 2222 INV
2 1 2222 2348 1615 XOR
2 1 1615 424 423 AND
2 1 423 2348 2349 XOR
1 1 2349 426 INV
2 1 97 1360 1244 XOR
2 1 224 1360 1245 XOR
2 1 1244 1245 1243 AND
2 1 1243 1360 1361 XOR
2 1 2860 1361 1489 XOR
1 1 1489 2223 INV
2 1 2223 2349 1616 XOR
2 1 1616 426 425 AND
2 1 425 2349 2350 XOR
1 1 2350 428 INV
2 1 98 1361 1247 XOR
2 1 225 1361 1248 XOR
2 1 1247 1248 1246 AND
2 1 1246 1361 1362 XOR
2 1 2861 1362 1490 XOR
1 1 1490 2224 INV
2 1 2224 2350 1617 XOR
2 1 1617 428 427 AND
2 1 427 2350 2351 XOR
1 1 2351 430 INV
2 1 99 1362 1250 XOR
2 1 226 1362 1251 XOR
2 1 1250 1251 1249 AND
2 1 1249 1362 1363 XOR
2 1 2862 1363 1491 XOR
1 1 1491 2225 INV
2 1 2225 2351 1618 XOR
2 1 1618 430 429 AND
2 1 429 2351 2352 XOR
1 1 2352 432 INV
2 1 100 1363 1253 XOR
2 1 227 1363 1254 XOR
2 1 1253 1254 1252 AND
2 1 1252 1363 1364 XOR
2 1 2863 1364 1492 XOR
1 1 1492 2226 INV
2 1 2226 2352 1619 XOR
2 1 1619 432 431 AND
2 1 431 2352 2353 XOR
1 1 2353 434 INV
2 1 101 1364 1256 XOR
2 1 228 1364 1257 XOR
2 1 1256 1257 1255 AND
2 1 1255 1364 1365 XOR
2 1 2864 1365 1493 XOR
1 1 1493 2227 INV
2 1 2227 2353 1620 XOR
2 1 1620 434 433 AND
2 1 433 2353 2354 XOR
1 1 2354 436 INV
2 1 102 1365 1259 XOR
2 1 229 1365 1260 XOR
2 1 1259 1260 1258 AND
2 1 1258 1365 1366 XOR
2 1 2865 1366 1494 XOR
1 1 1494 2228 INV
2 1 2228 2354 1621 XOR
2 1 1621 436 435 AND
2 1 435 2354 2355 XOR
1 1 2355 438 INV
2 1 103 1366 1262 XOR
2 1 230 1366 1263 XOR
2 1 1262 1263 1261 AND
2 1 1261 1366 1367 XOR
2 1 104 1367 1368 AND
2 1 104 1367 1495 XOR
1 1 1495 2229 INV
2 1 2229 2355 1622 XOR
2 1 1622 438 437 AND
2 1 437 2355 2356 XOR
1 1 2356 440 INV
2 1 105 1368 1369 AND
2 1 105 1368 1496 XOR
1 1 1496 2230 INV
2 1 2230 2356 1623 XOR
2 1 1623 440 439 AND
2 1 439 2356 2357 XOR
1 1 2357 442 INV
2 1 106 1369 1370 AND
2 1 106 1369 1497 XOR
1 1 1497 2231 INV
2 1 2231 2357 1624 XOR
2 1 1624 442 441 AND
2 1 441 2357 2358 XOR
1 1 2358 444 INV
2 1 107 1370 1371 AND
2 1 107 1370 1498 XOR
1 1 1498 2232 INV
2 1 2232 2358 1625 XOR
2 1 1625 444 443 AND
2 1 443 2358 2359 XOR
1 1 2359 446 INV
2 1 108 1371 1372 AND
2 1 108 1371 1499 XOR
1 1 1499 2233 INV
2 1 2233 2359 1626 XOR
2 1 1626 446 445 AND
2 1 445 2359 2360 XOR
1 1 2360 448 INV
2 1 109 1372 1373 AND
2 1 109 1372 1500 XOR
1 1 1500 2234 INV
2 1 2234 2360 1627 XOR
2 1 1627 448 447 AND
2 1 447 2360 2361 XOR
1 1 2361 450 INV
2 1 110 1373 1374 AND
2 1 110 1373 1501 XOR
1 1 1501 2235 INV
2 1 2235 2361 1628 XOR
2 1 1628 450 449 AND
2 1 449 2361 2362 XOR
1 1 2362 452 INV
2 1 111 1374 1375 AND
2 1 111 1374 1502 XOR
1 1 1502 2236 INV
2 1 2236 2362 1629 XOR
2 1 1629 452 451 AND
2 1 451 2362 2363 XOR
1 1 2363 454 INV
2 1 112 1375 1376 AND
2 1 112 1375 1503 XOR
1 1 1503 2237 INV
2 1 2237 2363 1630 XOR
2 1 1630 454 453 AND
2 1 453 2363 2364 XOR
1 1 2364 456 INV
2 1 113 1376 1377 AND
2 1 113 1376 1504 XOR
1 1 1504 2238 INV
2 1 2238 2364 1631 XOR
2 1 1631 456 455 AND
2 1 455 2364 2365 XOR
1 1 2365 458 INV
2 1 114 1377 1378 AND
2 1 114 1377 1505 XOR
1 1 1505 2239 INV
2 1 2239 2365 1632 XOR
2 1 1632 458 457 AND
2 1 457 2365 2366 XOR
1 1 2366 460 INV
2 1 115 1378 1379 AND
2 1 115 1378 1506 XOR
1 1 1506 2240 INV
2 1 2240 2366 1633 XOR
2 1 1633 460 459 AND
2 1 459 2366 2367 XOR
1 1 2367 462 INV
2 1 116 1379 1380 AND
2 1 116 1379 1507 XOR
1 1 1507 2241 INV
2 1 2241 2367 1634 XOR
2 1 1634 462 461 AND
2 1 461 2367 2368 XOR
1 1 2368 464 INV
2 1 117 1380 1381 AND
2 1 117 1380 1508 XOR
1 1 1508 2242 INV
2 1 2242 2368 1635 XOR
2 1 1635 464 463 AND
2 1 463 2368 2369 XOR
1 1 2369 466 INV
2 1 118 1381 1382 AND
2 1 118 1381 1509 XOR
1 1 1509 2243 INV
2 1 2243 2369 1636 XOR
2 1 1636 466 465 AND
2 1 465 2369 2370 XOR
1 1 2370 468 INV
2 1 119 1382 1383 AND
2 1 119 1382 1510 XOR
1 1 1510 2244 INV
2 1 2244 2370 1637 XOR
2 1 1637 468 467 AND
2 1 467 2370 2371 XOR
1 1 2371 470 INV
2 1 120 1383 1384 AND
2 1 120 1383 1511 XOR
1 1 1511 2245 INV
2 1 2245 2371 1638 XOR
2 1 1638 470 469 AND
2 1 469 2371 2372 XOR
1 1 2372 472 INV
2 1 121 1384 1385 AND
2 1 121 1384 1512 XOR
1 1 1512 2246 INV
2 1 2246 2372 1639 XOR
2 1 1639 472 471 AND
2 1 471 2372 2373 XOR
1 1 2373 474 INV
2 1 122 1385 1386 AND
2 1 122 1385 1513 XOR
1 1 1513 2247 INV
2 1 2247 2373 1640 XOR
2 1 1640 474 473 AND
2 1 473 2373 2374 XOR
1 1 2374 476 INV
2 1 123 1386 1387 AND
2 1 123 1386 1514 XOR
1 1 1514 2248 INV
2 1 2248 2374 1641 XOR
2 1 1641 476 475 AND
2 1 475 2374 2375 XOR
1 1 2375 478 INV
2 1 124 1387 1388 AND
2 1 124 1387 1515 XOR
1 1 1515 2249 INV
2 1 2249 2375 1642 XOR
2 1 1642 478 477 AND
2 1 477 2375 2376 XOR
1 1 2376 480 INV
2 1 125 1388 1389 AND
2 1 125 1388 1516 XOR
1 1 1516 2250 INV
2 1 2250 2376 1643 XOR
2 1 1643 480 479 AND
2 1 479 2376 2377 XOR
1 1 2377 482 INV
2 1 126 1389 1390 AND
1 1 1390 2252 INV
2 1 126 1389 1517 XOR
1 1 1517 2251 INV
2 1 2251 2377 1644 XOR
2 1 1644 482 481 AND
2 1 481 2377 2378 XOR
2 1 1390 2378 1645 XOR
2 1 2252 2378 484 XOR
2 1 484 2378 483 AND
2 1 483 2378 2379 XOR
2 1 1391 2379 1870 AND
2 1 1392 2379 1871 AND
2 1 1393 2379 1872 AND
2 1 1394 2379 1873 AND
2 1 1395 2379 1874 AND
2 1 1396 2379 1875 AND
2 1 1397 2379 1876 AND
2 1 1398 2379 1877 AND
2 1 1399 2379 1878 AND
2 1 1400 2379 1879 AND
2 1 1401 2379 1880 AND
2 1 1402 2379 1881 AND
2 1 1403 2379 1882 AND
2 1 1404 2379 1883 AND
2 1 1405 2379 1884 AND
2 1 1406 2379 1885 AND
2 1 1407 2379 1886 AND
2 1 1408 2379 1887 AND
2 1 1409 2379 1888 AND
2 1 1410 2379 1889 AND
2 1 1411 2379 1890 AND
2 1 1412 2379 1891 AND
2 1 1413 2379 1892 AND
2 1 1414 2379 1893 AND
2 1 1415 2379 1894 AND
2 1 1416 2379 1895 AND
2 1 1417 2379 1896 AND
2 1 1418 2379 1897 AND
2 1 1419 2379 1898 AND
2 1 1420 2379 1899 AND
2 1 1421 2379 1900 AND
2 1 1422 2379 1901 AND
2 1 1423 2379 1902 AND
2 1 1424 2379 1903 AND
2 1 1425 2379 1904 AND
2 1 1433 2379 1912 AND
2 1 1432 2379 1911 AND
2 1 1434 2379 1913 AND
2 1 1442 2379 1921 AND
2 1 1441 2379 1920 AND
2 1 1450 2379 1929 AND
2 1 1449 2379 1928 AND
2 1 1451 2379 1930 AND
2 1 1459 2379 1938 AND
2 1 1458 2379 1937 AND
2 1 1467 2379 1946 AND
2 1 1466 2379 1945 AND
2 1 1468 2379 1947 AND
2 1 1476 2379 1955 AND
2 1 1475 2379 1954 AND
2 1 1484 2379 1963 AND
2 1 1483 2379 1962 AND
2 1 1485 2379 1964 AND
2 1 1493 2379 1972 AND
2 1 1492 2379 1971 AND
2 1 1501 2379 1980 AND
2 1 1500 2379 1979 AND
2 1 1502 2379 1981 AND
2 1 1510 2379 1989 AND
2 1 1509 2379 1988 AND
2 1 1390 2379 1997 AND
2 1 1517 2379 1996 AND
2 1 1431 2379 1910 AND
2 1 1489 2379 1968 AND
2 1 1505 2379 1984 AND
2 1 1494 2379 1973 AND
2 1 1511 2379 1990 AND
2 1 1477 2379 1956 AND
2 1 1428 2379 1907 AND
2 1 1435 2379 1914 AND
2 1 1436 2379 1915 AND
2 1 1462 2379 1941 AND
2 1 1469 2379 1948 AND
2 1 1478 2379 1957 AND
2 1 1512 2379 1991 AND
2 1 1503 2379 1982 AND
2 1 1496 2379 1975 AND
2 1 1504 2379 1983 AND
2 1 1460 2379 1939 AND
2 1 1443 2379 1922 AND
2 1 1453 2379 1932 AND
2 1 1513 2379 1992 AND
2 1 1487 2379 1966 AND
2 1 1480 2379 1959 AND
2 1 1490 2379 1969 AND
2 1 1464 2379 1943 AND
2 1 1455 2379 1934 AND
2 1 1481 2379 1960 AND
2 1 1474 2379 1953 AND
2 1 1429 2379 1908 AND
2 1 1446 2379 1925 AND
2 1 1471 2379 1950 AND
2 1 1426 2379 1905 AND
2 1 1479 2379 1958 AND
2 1 1452 2379 1931 AND
2 1 1437 2379 1916 AND
2 1 1454 2379 1933 AND
2 1 1514 2379 1993 AND
2 1 1516 2379 1995 AND
2 1 1465 2379 1944 AND
2 1 1457 2379 1936 AND
2 1 1439 2379 1918 AND
2 1 1499 2379 1978 AND
2 1 1495 2379 1974 AND
2 1 1448 2379 1927 AND
2 1 1447 2379 1926 AND
2 1 1473 2379 1952 AND
2 1 1506 2379 1985 AND
2 1 1498 2379 1977 AND
2 1 1491 2379 1970 AND
2 1 1507 2379 1986 AND
2 1 1440 2379 1919 AND
2 1 1482 2379 1961 AND
2 1 1427 2379 1906 AND
2 1 1461 2379 1940 AND
2 1 1486 2379 1965 AND
2 1 1470 2379 1949 AND
2 1 1463 2379 1942 AND
2 1 1488 2379 1967 AND
2 1 1497 2379 1976 AND
2 1 1430 2379 1909 AND
2 1 1508 2379 1987 AND
2 1 1515 2379 1994 AND
2 1 1444 2379 1923 AND
2 1 1438 2379 1917 AND
2 1 1472 2379 1951 AND
2 1 1445 2379 1924 AND
2 1 1456 2379 1935 AND
1 1 2379 2380 INV
2 1 1586 2380 2066 AND
2 1 1938 2066 1714 XOR
2 1 1594 2380 2074 AND
2 1 1946 2074 1722 XOR
2 1 1533 2380 2013 AND
2 1 1593 2380 2073 AND
2 1 1945 2073 1721 XOR
2 1 1885 2013 1661 XOR
2 1 1523 2380 2003 AND
2 1 1602 2380 2082 AND
2 1 1601 2380 2081 AND
2 1 1534 2380 2014 AND
2 1 1954 2082 1730 XOR
2 1 1603 2380 2083 AND
2 1 1955 2083 1731 XOR
2 1 1611 2380 2091 AND
2 1 1886 2014 1662 XOR
2 1 1963 2091 1739 XOR
2 1 1875 2003 1651 XOR
2 1 1610 2380 2090 AND
2 1 1962 2090 1738 XOR
2 1 1535 2380 2015 AND
2 1 1887 2015 1663 XOR
2 1 1619 2380 2099 AND
2 1 1618 2380 2098 AND
2 1 1971 2099 1747 XOR
2 1 1620 2380 2100 AND
2 1 1972 2100 1748 XOR
2 1 1628 2380 2108 AND
2 1 1536 2380 2016 AND
2 1 1980 2108 1756 XOR
2 1 1888 2016 1664 XOR
2 1 1627 2380 2107 AND
2 1 1979 2107 1755 XOR
2 1 1524 2380 2004 AND
2 1 1537 2380 2017 AND
2 1 1636 2380 2116 AND
2 1 1635 2380 2115 AND
2 1 1889 2017 1665 XOR
2 1 1988 2116 1764 XOR
2 1 1637 2380 2117 AND
2 1 1989 2117 1765 XOR
2 1 1645 2380 2125 AND
2 1 1876 2004 1652 XOR
2 1 1997 2125 1773 XOR
2 1 1538 2380 2018 AND
2 1 1644 2380 2124 AND
2 1 1996 2124 1772 XOR
2 1 1890 2018 1666 XOR
2 1 1625 2380 2105 AND
2 1 1640 2380 2120 AND
1 1 1755 2554 INV
2 1 1520 2380 2000 AND
2 1 1539 2380 2019 AND
2 1 1583 2380 2063 AND
2 1 1612 2380 2092 AND
2 1 1964 2092 1740 XOR
2 1 1891 2019 1667 XOR
2 1 1525 2380 2005 AND
2 1 1629 2380 2109 AND
2 1 1981 2109 1757 XOR
1 1 1757 2556 INV
2 1 1540 2380 2020 AND
2 1 1892 2020 1668 XOR
2 1 1877 2005 1653 XOR
2 1 1541 2380 2021 AND
2 1 1562 2380 2042 AND
2 1 1914 2042 1690 XOR
2 1 1571 2380 2051 AND
2 1 1605 2380 2085 AND
2 1 1893 2021 1669 XOR
2 1 1596 2380 2076 AND
2 1 1872 2000 1648 XOR
2 1 1948 2076 1724 XOR
2 1 1542 2380 2022 AND
2 1 1957 2085 1733 XOR
2 1 1894 2022 1670 XOR
2 1 1639 2380 2119 AND
2 1 1991 2119 1767 XOR
2 1 1526 2380 2006 AND
2 1 1543 2380 2023 AND
2 1 1638 2380 2118 AND
2 1 1990 2118 1766 XOR
2 1 1895 2023 1671 XOR
2 1 1595 2380 2075 AND
2 1 1947 2075 1723 XOR
2 1 1878 2006 1654 XOR
2 1 1544 2380 2024 AND
2 1 1578 2380 2058 AND
2 1 1930 2058 1706 XOR
2 1 1896 2024 1672 XOR
2 1 1518 2380 1998 AND
2 1 1870 1998 1646 XOR
2 1 1992 2120 1768 XOR
2 1 1545 2380 2025 AND
2 1 1613 2380 2093 AND
1 1 1772 2571 INV
2 1 1591 2380 2071 AND
1 1 1671 2724 INV
2 1 1614 2380 2094 AND
2 1 1966 2094 1742 XOR
1 1 1742 2541 INV
2 1 1590 2380 2070 AND
2 1 1563 2380 2043 AND
2 1 1915 2043 1691 XOR
1 1 1738 2537 INV
1 1 1767 2566 INV
2 1 1575 2380 2055 AND
2 1 1897 2025 1673 XOR
1 1 1673 2726 INV
1 1 1648 2701 INV
1 1 1669 2722 INV
1 1 1670 2723 INV
2 1 1527 2380 2007 AND
2 1 1616 2380 2096 AND
2 1 1968 2096 1744 XOR
2 1 1566 2380 2046 AND
2 1 1609 2380 2089 AND
2 1 1546 2380 2026 AND
2 1 1943 2071 1719 XOR
2 1 1626 2380 2106 AND
2 1 1898 2026 1674 XOR
2 1 1879 2007 1655 XOR
2 1 1547 2380 2027 AND
2 1 1953 2081 1729 XOR
2 1 1899 2027 1675 XOR
2 1 1553 2380 2033 AND
2 1 1622 2380 2102 AND
2 1 1521 2380 2001 AND
1 1 1721 2520 INV
1 1 1768 2567 INV
1 1 1724 2523 INV
1 1 1723 2522 INV
1 1 1740 2539 INV
1 1 1654 2707 INV
1 1 1653 2706 INV
1 1 1652 2705 INV
1 1 1668 2721 INV
1 1 1651 2704 INV
2 1 1598 2380 2078 AND
2 1 1642 2380 2122 AND
2 1 1623 2380 2103 AND
2 1 1975 2103 1751 XOR
2 1 1548 2380 2028 AND
2 1 1950 2078 1726 XOR
1 1 1726 2525 INV
2 1 1900 2028 1676 XOR
2 1 1905 2033 1681 XOR
2 1 1528 2380 2008 AND
2 1 1549 2380 2029 AND
2 1 1555 2380 2035 AND
2 1 1907 2035 1683 XOR
2 1 1901 2029 1677 XOR
2 1 1880 2008 1656 XOR
1 1 1656 2709 INV
2 1 1572 2380 2052 AND
2 1 1550 2380 2030 AND
2 1 1570 2380 2050 AND
2 1 1922 2050 1698 XOR
2 1 1579 2380 2059 AND
2 1 1931 2059 1707 XOR
2 1 1902 2030 1678 XOR
1 1 1675 2728 INV
1 1 1681 2734 INV
1 1 2734 1841 INV
2 1 1615 2380 2095 AND
2 1 1873 2001 1649 XOR
2 1 1551 2380 2031 AND
2 1 1903 2031 1679 XOR
2 1 1918 2046 1694 XOR
2 1 1529 2380 2009 AND
2 1 1978 2106 1754 XOR
2 1 1581 2380 2061 AND
2 1 1933 2061 1709 XOR
2 1 1552 2380 2032 AND
2 1 1974 2102 1750 XOR
1 1 1719 2518 INV
1 1 1674 2727 INV
1 1 1722 2521 INV
1 1 1709 2762 INV
2 1 1574 2380 2054 AND
2 1 1904 2032 1680 XOR
2 1 1927 2055 1703 XOR
2 1 1558 2380 2038 AND
2 1 1910 2038 1686 XOR
1 1 1686 2739 INV
2 1 1573 2380 2053 AND
2 1 1925 2053 1701 XOR
1 1 1701 2754 INV
2 1 1560 2380 2040 AND
2 1 1926 2054 1702 XOR
1 1 1702 2755 INV
2 1 1592 2380 2072 AND
2 1 1944 2072 1720 XOR
2 1 1599 2380 2079 AND
2 1 1600 2380 2080 AND
2 1 1881 2009 1657 XOR
1 1 1657 2710 INV
2 1 1952 2080 1728 XOR
2 1 1607 2380 2087 AND
2 1 1959 2087 1735 XOR
2 1 1634 2380 2114 AND
2 1 1912 2040 1688 XOR
1 1 1688 2741 INV
2 1 1519 2380 1999 AND
2 1 1871 1999 1647 XOR
2 1 1977 2105 1753 XOR
1 1 1753 2552 INV
2 1 1559 2380 2039 AND
2 1 1970 2098 1746 XOR
2 1 1911 2039 1687 XOR
1 1 1687 2740 INV
2 1 1986 2114 1762 XOR
1 1 1750 2549 INV
2 1 1632 2380 2112 AND
2 1 1984 2112 1760 XOR
1 1 1760 2559 INV
2 1 1530 2380 2010 AND
2 1 1633 2380 2113 AND
2 1 1985 2113 1761 XOR
2 1 1882 2010 1658 XOR
1 1 1658 2711 INV
2 1 1961 2089 1737 XOR
1 1 1737 2536 INV
2 1 1568 2380 2048 AND
2 1 1587 2380 2067 AND
2 1 1939 2067 1715 XOR
2 1 1580 2380 2060 AND
2 1 1932 2060 1708 XOR
1 1 1708 2761 INV
2 1 1588 2380 2068 AND
2 1 1567 2380 2047 AND
2 1 1919 2047 1695 XOR
2 1 1940 2068 1716 XOR
2 1 1522 2380 2002 AND
2 1 1965 2093 1741 XOR
1 1 1741 2540 INV
2 1 1589 2380 2069 AND
2 1 1941 2069 1717 XOR
1 1 1717 2516 INV
2 1 1641 2380 2121 AND
2 1 1993 2121 1769 XOR
2 1 1643 2380 2123 AND
2 1 1995 2123 1771 XOR
2 1 1920 2048 1696 XOR
2 1 1621 2380 2101 AND
2 1 1973 2101 1749 XOR
1 1 1749 2548 INV
1 1 1665 2718 INV
2 1 1554 2380 2034 AND
2 1 1906 2034 1682 XOR
1 1 1707 2760 INV
1 1 1771 2570 INV
1 1 1773 2572 INV
1 1 1691 2744 INV
1 1 1720 2519 INV
1 1 1706 2759 INV
1 1 1769 2568 INV
1 1 1739 2538 INV
2 1 1597 2380 2077 AND
2 1 1949 2077 1725 XOR
1 1 1725 2524 INV
2 1 1569 2380 2049 AND
2 1 1942 2070 1718 XOR
1 1 1718 2517 INV
2 1 1606 2380 2086 AND
2 1 1958 2086 1734 XOR
2 1 1921 2049 1697 XOR
2 1 1967 2095 1743 XOR
1 1 1743 2542 INV
2 1 1577 2380 2057 AND
2 1 1631 2380 2111 AND
2 1 1983 2111 1759 XOR
1 1 1759 2558 INV
2 1 1557 2380 2037 AND
2 1 1531 2380 2011 AND
2 1 1909 2037 1685 XOR
2 1 1565 2380 2045 AND
2 1 1617 2380 2097 AND
2 1 1969 2097 1745 XOR
2 1 1929 2057 1705 XOR
1 1 1705 2758 INV
2 1 1987 2115 1763 XOR
2 1 1883 2011 1659 XOR
2 1 1994 2122 1770 XOR
1 1 1770 2569 INV
1 1 1690 2743 INV
1 1 1672 2725 INV
1 1 1655 2708 INV
2 1 1561 2380 2041 AND
2 1 1913 2041 1689 XOR
1 1 1689 2742 INV
2 1 1630 2380 2110 AND
2 1 1982 2110 1758 XOR
1 1 1758 2557 INV
2 1 1604 2380 2084 AND
2 1 1956 2084 1732 XOR
1 1 1732 2531 INV
1 1 1666 2719 INV
2 1 1576 2380 2056 AND
2 1 1923 2051 1699 XOR
1 1 1756 2555 INV
2 1 1556 2380 2036 AND
2 1 1908 2036 1684 XOR
1 1 2739 1846 INV
1 1 2741 1848 INV
1 1 2742 1849 INV
1 1 2740 1847 INV
1 1 2743 1850 INV
1 1 2744 1851 INV
2 1 1928 2056 1704 XOR
2 1 1917 2045 1693 XOR
1 1 1704 2757 INV
1 1 1754 2553 INV
1 1 1703 2756 INV
1 1 1716 2515 INV
2 1 1608 2380 2088 AND
2 1 1960 2088 1736 XOR
2 1 1564 2380 2044 AND
2 1 1916 2044 1692 XOR
1 1 1692 2745 INV
1 1 2745 1852 INV
2 1 1874 2002 1650 XOR
2 1 1951 2079 1727 XOR
1 1 1667 2720 INV
2 1 1532 2380 2012 AND
2 1 1884 2012 1660 XOR
2 1 1924 2052 1700 XOR
1 1 2754 1861 INV
1 1 2755 1862 INV
1 1 2756 1863 INV
1 1 2757 1864 INV
1 1 2759 1866 INV
1 1 2761 1868 INV
1 1 2762 1869 INV
1 1 2758 1865 INV
1 1 2760 1867 INV
2 1 1624 2380 2104 AND
2 1 1976 2104 1752 XOR
1 1 1736 2535 INV
2 1 1585 2380 2065 AND
2 1 1937 2065 1713 XOR
2 1 1935 2063 1711 XOR
2 1 1582 2380 2062 AND
2 1 1934 2062 1710 XOR
1 1 1700 2753 INV
1 1 2753 1860 INV
1 1 1699 2752 INV
1 1 2752 1859 INV
1 1 1751 2550 INV
1 1 1649 2702 INV
1 1 1715 2514 INV
1 1 1664 2717 INV
1 1 1650 2703 INV
1 1 1733 2532 INV
1 1 1735 2534 INV
1 1 1752 2551 INV
1 1 1766 2565 INV
1 1 1734 2533 INV
1 1 1685 2738 INV
1 1 2738 1845 INV
1 1 1684 2737 INV
1 1 2737 1844 INV
1 1 1683 2736 INV
1 1 2736 1843 INV
1 1 1682 2735 INV
1 1 2735 1842 INV
1 1 1698 2751 INV
1 1 2751 1858 INV
1 1 1647 2700 INV
1 1 2700 1807 INV
2 1 1584 2380 2064 AND
2 1 1936 2064 1712 XOR
1 1 1762 2561 INV
1 1 1763 2562 INV
1 1 1765 2564 INV
1 1 1764 2563 INV
1 1 1761 2560 INV
1 1 1745 2544 INV
1 1 1746 2545 INV
1 1 1748 2547 INV
1 1 1747 2546 INV
1 1 1744 2543 INV
1 1 1728 2527 INV
1 1 1729 2528 INV
1 1 1731 2530 INV
1 1 1730 2529 INV
1 1 1727 2526 INV
1 1 1711 2510 INV
1 1 1712 2511 INV
1 1 1714 2513 INV
1 1 1713 2512 INV
1 1 1710 2509 INV
1 1 1694 2747 INV
1 1 2747 1854 INV
1 1 1695 2748 INV
1 1 2748 1855 INV
1 1 1697 2750 INV
1 1 2750 1857 INV
1 1 1696 2749 INV
1 1 2749 1856 INV
1 1 1693 2746 INV
1 1 2746 1853 INV
1 1 1677 2730 INV
1 1 1678 2731 INV
1 1 1680 2733 INV
1 1 1679 2732 INV
1 1 1676 2729 INV
1 1 1660 2713 INV
1 1 1661 2714 INV
1 1 1663 2716 INV
1 1 1662 2715 INV
1 1 1659 2712 INV
1 1 1646 1805 INV
1 1 1805 1806 INV
2 1 1807 1806 1775 XOR
2 1 1775 1806 485 AND
2 1 485 1806 486 XOR
2 1 486 1648 487 AND
2 1 486 1648 1808 XOR
2 1 487 1649 488 AND
2 1 487 1649 1809 XOR
2 1 488 1650 489 AND
2 1 488 1650 1810 XOR
2 1 489 1651 490 AND
2 1 489 1651 1811 XOR
2 1 490 1652 491 AND
2 1 490 1652 1812 XOR
2 1 491 1653 492 AND
2 1 491 1653 1813 XOR
2 1 492 1654 493 AND
2 1 492 1654 1814 XOR
2 1 493 1655 494 AND
2 1 493 1655 1815 XOR
2 1 494 1656 495 AND
2 1 494 1656 1816 XOR
2 1 495 1657 496 AND
2 1 495 1657 1817 XOR
2 1 496 1658 497 AND
2 1 496 1658 1818 XOR
2 1 497 1659 498 AND
2 1 497 1659 1819 XOR
2 1 498 1660 499 AND
2 1 498 1660 1820 XOR
2 1 499 1661 500 AND
2 1 499 1661 1821 XOR
2 1 500 1662 501 AND
2 1 500 1662 1822 XOR
2 1 501 1663 502 AND
2 1 501 1663 1823 XOR
2 1 502 1664 503 AND
2 1 502 1664 1824 XOR
2 1 503 1665 504 AND
2 1 503 1665 1825 XOR
2 1 504 1666 505 AND
2 1 504 1666 1826 XOR
2 1 505 1667 506 AND
2 1 505 1667 1827 XOR
2 1 506 1668 507 AND
2 1 506 1668 1828 XOR
2 1 507 1669 508 AND
2 1 507 1669 1829 XOR
2 1 508 1670 509 AND
2 1 508 1670 1830 XOR
2 1 509 1671 510 AND
2 1 509 1671 1831 XOR
2 1 510 1672 511 AND
2 1 510 1672 1832 XOR
2 1 511 1673 512 AND
2 1 511 1673 1833 XOR
2 1 512 1674 513 AND
2 1 512 1674 1834 XOR
2 1 513 1675 514 AND
2 1 513 1675 1835 XOR
2 1 514 1676 515 AND
2 1 514 1676 1836 XOR
2 1 515 1677 516 AND
2 1 515 1677 1837 XOR
2 1 516 1678 517 AND
2 1 516 1678 1838 XOR
2 1 517 1679 518 AND
2 1 517 1679 1839 XOR
2 1 518 1680 520 AND
2 1 518 1680 1840 XOR
2 1 1841 520 1776 XOR
2 1 1776 520 519 AND
2 1 519 520 522 XOR
2 1 1842 522 1777 XOR
2 1 1777 522 521 AND
2 1 521 522 524 XOR
2 1 1843 524 1778 XOR
2 1 1778 524 523 AND
2 1 523 524 526 XOR
2 1 1844 526 1779 XOR
2 1 1779 526 525 AND
2 1 525 526 528 XOR
2 1 1845 528 1780 XOR
2 1 1780 528 527 AND
2 1 527 528 530 XOR
2 1 1846 530 1781 XOR
2 1 1781 530 529 AND
2 1 529 530 532 XOR
2 1 1847 532 1782 XOR
2 1 1782 532 531 AND
2 1 531 532 534 XOR
2 1 1848 534 1783 XOR
2 1 1783 534 533 AND
2 1 533 534 536 XOR
2 1 1849 536 1784 XOR
2 1 1784 536 535 AND
2 1 535 536 538 XOR
2 1 1850 538 1785 XOR
2 1 1785 538 537 AND
2 1 537 538 540 XOR
2 1 1851 540 1786 XOR
2 1 1786 540 539 AND
2 1 539 540 542 XOR
2 1 1852 542 1787 XOR
2 1 1787 542 541 AND
2 1 541 542 544 XOR
2 1 1853 544 1788 XOR
2 1 1788 544 543 AND
2 1 543 544 546 XOR
2 1 1854 546 1789 XOR
2 1 1789 546 545 AND
2 1 545 546 548 XOR
2 1 1855 548 1790 XOR
2 1 1790 548 547 AND
2 1 547 548 550 XOR
2 1 1856 550 1791 XOR
2 1 1791 550 549 AND
2 1 549 550 552 XOR
2 1 1857 552 1792 XOR
2 1 1792 552 551 AND
2 1 551 552 554 XOR
2 1 1858 554 1793 XOR
2 1 1793 554 553 AND
2 1 553 554 556 XOR
2 1 1859 556 1794 XOR
2 1 1794 556 555 AND
2 1 555 556 558 XOR
2 1 1860 558 1795 XOR
2 1 1795 558 557 AND
2 1 557 558 560 XOR
2 1 1861 560 1796 XOR
2 1 1796 560 559 AND
2 1 559 560 562 XOR
2 1 1862 562 1797 XOR
2 1 1797 562 561 AND
2 1 561 562 564 XOR
2 1 1863 564 1798 XOR
2 1 1798 564 563 AND
2 1 563 564 566 XOR
2 1 1864 566 1799 XOR
2 1 1799 566 565 AND
2 1 565 566 568 XOR
2 1 1865 568 1800 XOR
2 1 1800 568 567 AND
2 1 567 568 570 XOR
2 1 1866 570 1801 XOR
2 1 1801 570 569 AND
2 1 569 570 572 XOR
2 1 1867 572 1802 XOR
2 1 1802 572 571 AND
2 1 571 572 574 XOR
2 1 1868 574 1803 XOR
2 1 1803 574 573 AND
2 1 573 574 575 XOR
2 1 1869 575 1804 XOR
1 1 1806 1774 INV
2 1 2700 1805 577 XOR
2 1 577 1806 576 AND
2 1 576 1805 2573 XOR
1 1 2573 580 INV
2 1 2701 2573 579 XOR
2 1 579 580 578 AND
2 1 578 2573 2574 XOR
2 1 2702 2574 582 XOR
1 1 2574 583 INV
2 1 582 583 581 AND
2 1 581 2574 2575 XOR
2 1 2703 2575 585 XOR
1 1 2575 586 INV
2 1 585 586 584 AND
2 1 584 2575 2576 XOR
2 1 2704 2576 588 XOR
1 1 2576 589 INV
2 1 588 589 587 AND
2 1 587 2576 2577 XOR
2 1 2705 2577 591 XOR
1 1 2577 592 INV
2 1 591 592 590 AND
2 1 590 2577 2578 XOR
1 1 2578 595 INV
2 1 2706 2578 594 XOR
2 1 594 595 593 AND
2 1 593 2578 2579 XOR
1 1 2579 598 INV
2 1 2707 2579 597 XOR
2 1 597 598 596 AND
2 1 596 2579 2580 XOR
1 1 2580 601 INV
2 1 2708 2580 600 XOR
2 1 600 601 599 AND
2 1 599 2580 2581 XOR
2 1 2709 2581 603 XOR
1 1 2581 604 INV
2 1 603 604 602 AND
2 1 602 2581 2582 XOR
1 1 2582 607 INV
2 1 2710 2582 606 XOR
2 1 606 607 605 AND
2 1 605 2582 2583 XOR
1 1 2583 610 INV
2 1 2711 2583 609 XOR
2 1 609 610 608 AND
2 1 608 2583 2584 XOR
1 1 2584 613 INV
2 1 2712 2584 612 XOR
2 1 612 613 611 AND
2 1 611 2584 2585 XOR
2 1 2713 2585 615 XOR
1 1 2585 616 INV
2 1 615 616 614 AND
2 1 614 2585 2586 XOR
1 1 2586 619 INV
2 1 2714 2586 618 XOR
2 1 618 619 617 AND
2 1 617 2586 2587 XOR
2 1 2715 2587 621 XOR
1 1 2587 622 INV
2 1 621 622 620 AND
2 1 620 2587 2588 XOR
2 1 2716 2588 624 XOR
1 1 2588 625 INV
2 1 624 625 623 AND
2 1 623 2588 2589 XOR
1 1 2589 628 INV
2 1 2717 2589 627 XOR
2 1 627 628 626 AND
2 1 626 2589 2590 XOR
2 1 2718 2590 630 XOR
1 1 2590 631 INV
2 1 630 631 629 AND
2 1 629 2590 2591 XOR
2 1 2719 2591 633 XOR
1 1 2591 634 INV
2 1 633 634 632 AND
2 1 632 2591 2592 XOR
2 1 2720 2592 636 XOR
1 1 2592 637 INV
2 1 636 637 635 AND
2 1 635 2592 2593 XOR
2 1 2721 2593 639 XOR
1 1 2593 640 INV
2 1 639 640 638 AND
2 1 638 2593 2594 XOR
2 1 2722 2594 642 XOR
1 1 2594 643 INV
2 1 642 643 641 AND
2 1 641 2594 2595 XOR
2 1 2723 2595 645 XOR
1 1 2595 646 INV
2 1 645 646 644 AND
2 1 644 2595 2596 XOR
1 1 2596 649 INV
2 1 2724 2596 648 XOR
2 1 648 649 647 AND
2 1 647 2596 2597 XOR
1 1 2597 652 INV
2 1 2725 2597 651 XOR
2 1 651 652 650 AND
2 1 650 2597 2598 XOR
2 1 2726 2598 654 XOR
1 1 2598 655 INV
2 1 654 655 653 AND
2 1 653 2598 2599 XOR
2 1 2727 2599 657 XOR
1 1 2599 658 INV
2 1 657 658 656 AND
2 1 656 2599 2600 XOR
2 1 2728 2600 660 XOR
1 1 2600 661 INV
2 1 660 661 659 AND
2 1 659 2600 2601 XOR
1 1 2601 664 INV
2 1 2729 2601 663 XOR
2 1 663 664 662 AND
2 1 662 2601 2602 XOR
1 1 2602 667 INV
2 1 2730 2602 666 XOR
2 1 666 667 665 AND
2 1 665 2602 2603 XOR
2 1 2731 2603 669 XOR
1 1 2603 670 INV
2 1 669 670 668 AND
2 1 668 2603 2604 XOR
2 1 2732 2604 672 XOR
1 1 2604 673 INV
2 1 672 673 671 AND
2 1 671 2604 2605 XOR
2 1 2733 2605 675 XOR
1 1 2605 676 INV
2 1 675 676 674 AND
2 1 674 2605 2606 XOR
1 1 2606 679 INV
2 1 2734 2606 678 XOR
2 1 678 679 677 AND
2 1 677 2606 2607 XOR
1 1 2607 682 INV
2 1 2735 2607 681 XOR
2 1 681 682 680 AND
2 1 680 2607 2608 XOR
2 1 2736 2608 684 XOR
1 1 2608 685 INV
2 1 684 685 683 AND
2 1 683 2608 2609 XOR
2 1 2737 2609 687 XOR
1 1 2609 688 INV
2 1 687 688 686 AND
2 1 686 2609 2610 XOR
2 1 2738 2610 690 XOR
1 1 2610 691 INV
2 1 690 691 689 AND
2 1 689 2610 2611 XOR
2 1 2739 2611 693 XOR
1 1 2611 694 INV
2 1 693 694 692 AND
2 1 692 2611 2612 XOR
2 1 2740 2612 696 XOR
1 1 2612 697 INV
2 1 696 697 695 AND
2 1 695 2612 2613 XOR
2 1 2741 2613 699 XOR
1 1 2613 700 INV
2 1 699 700 698 AND
2 1 698 2613 2614 XOR
1 1 2614 703 INV
2 1 2742 2614 702 XOR
2 1 702 703 701 AND
2 1 701 2614 2615 XOR
2 1 2743 2615 705 XOR
1 1 2615 706 INV
2 1 705 706 704 AND
2 1 704 2615 2616 XOR
2 1 2744 2616 708 XOR
1 1 2616 709 INV
2 1 708 709 707 AND
2 1 707 2616 2617 XOR
1 1 2617 712 INV
2 1 2745 2617 711 XOR
2 1 711 712 710 AND
2 1 710 2617 2618 XOR
1 1 2618 715 INV
2 1 2746 2618 714 XOR
2 1 714 715 713 AND
2 1 713 2618 2619 XOR
1 1 2619 718 INV
2 1 2747 2619 717 XOR
2 1 717 718 716 AND
2 1 716 2619 2620 XOR
1 1 2620 721 INV
2 1 2748 2620 720 XOR
2 1 720 721 719 AND
2 1 719 2620 2621 XOR
2 1 2749 2621 723 XOR
1 1 2621 724 INV
2 1 723 724 722 AND
2 1 722 2621 2622 XOR
2 1 2750 2622 726 XOR
1 1 2622 727 INV
2 1 726 727 725 AND
2 1 725 2622 2623 XOR
1 1 2623 730 INV
2 1 2751 2623 729 XOR
2 1 729 730 728 AND
2 1 728 2623 2624 XOR
1 1 2624 733 INV
2 1 2752 2624 732 XOR
2 1 732 733 731 AND
2 1 731 2624 2625 XOR
1 1 2625 736 INV
2 1 2753 2625 735 XOR
2 1 735 736 734 AND
2 1 734 2625 2626 XOR
2 1 2754 2626 738 XOR
1 1 2626 739 INV
2 1 738 739 737 AND
2 1 737 2626 2627 XOR
2 1 2755 2627 741 XOR
1 1 2627 742 INV
2 1 741 742 740 AND
2 1 740 2627 2628 XOR
1 1 2628 745 INV
2 1 2756 2628 744 XOR
2 1 744 745 743 AND
2 1 743 2628 2629 XOR
2 1 2757 2629 747 XOR
1 1 2629 748 INV
2 1 747 748 746 AND
2 1 746 2629 2630 XOR
2 1 2758 2630 750 XOR
1 1 2630 751 INV
2 1 750 751 749 AND
2 1 749 2630 2631 XOR
1 1 2631 754 INV
2 1 2759 2631 753 XOR
2 1 753 754 752 AND
2 1 752 2631 2632 XOR
2 1 2760 2632 756 XOR
1 1 2632 757 INV
2 1 756 757 755 AND
2 1 755 2632 2633 XOR
1 1 2633 760 INV
2 1 2761 2633 759 XOR
2 1 759 760 758 AND
2 1 758 2633 2634 XOR
2 1 2762 2634 762 XOR
1 1 2634 763 INV
2 1 762 763 761 AND
2 1 761 2634 2635 XOR
1 1 2635 766 INV
2 1 2509 2635 765 XOR
2 1 765 766 764 AND
2 1 764 2635 2636 XOR
2 1 2510 2636 768 XOR
1 1 2636 769 INV
2 1 768 769 767 AND
2 1 767 2636 2637 XOR
2 1 2511 2637 771 XOR
1 1 2637 772 INV
2 1 771 772 770 AND
2 1 770 2637 2638 XOR
1 1 2638 775 INV
2 1 2512 2638 774 XOR
2 1 774 775 773 AND
2 1 773 2638 2639 XOR
2 1 2513 2639 777 XOR
1 1 2639 778 INV
2 1 777 778 776 AND
2 1 776 2639 2640 XOR
1 1 2640 781 INV
2 1 2514 2640 780 XOR
2 1 780 781 779 AND
2 1 779 2640 2641 XOR
2 1 2515 2641 783 XOR
1 1 2641 784 INV
2 1 783 784 782 AND
2 1 782 2641 2642 XOR
2 1 2516 2642 786 XOR
1 1 2642 787 INV
2 1 786 787 785 AND
2 1 785 2642 2643 XOR
2 1 2517 2643 789 XOR
1 1 2643 790 INV
2 1 789 790 788 AND
2 1 788 2643 2644 XOR
2 1 2518 2644 792 XOR
1 1 2644 793 INV
2 1 792 793 791 AND
2 1 791 2644 2645 XOR
1 1 2645 796 INV
2 1 2519 2645 795 XOR
2 1 795 796 794 AND
2 1 794 2645 2646 XOR
2 1 2520 2646 798 XOR
1 1 2646 799 INV
2 1 798 799 797 AND
2 1 797 2646 2647 XOR
1 1 2647 802 INV
2 1 2521 2647 801 XOR
2 1 801 802 800 AND
2 1 800 2647 2648 XOR
1 1 2648 805 INV
2 1 2522 2648 804 XOR
2 1 804 805 803 AND
2 1 803 2648 2649 XOR
1 1 2649 808 INV
2 1 2523 2649 807 XOR
2 1 807 808 806 AND
2 1 806 2649 2650 XOR
1 1 2650 811 INV
2 1 2524 2650 810 XOR
2 1 810 811 809 AND
2 1 809 2650 2651 XOR
2 1 2525 2651 813 XOR
1 1 2651 814 INV
2 1 813 814 812 AND
2 1 812 2651 2652 XOR
1 1 2652 817 INV
2 1 2526 2652 816 XOR
2 1 816 817 815 AND
2 1 815 2652 2653 XOR
1 1 2653 820 INV
2 1 2527 2653 819 XOR
2 1 819 820 818 AND
2 1 818 2653 2654 XOR
1 1 2654 823 INV
2 1 2528 2654 822 XOR
2 1 822 823 821 AND
2 1 821 2654 2655 XOR
2 1 2529 2655 825 XOR
1 1 2655 826 INV
2 1 825 826 824 AND
2 1 824 2655 2656 XOR
2 1 2530 2656 828 XOR
1 1 2656 829 INV
2 1 828 829 827 AND
2 1 827 2656 2657 XOR
1 1 2657 832 INV
2 1 2531 2657 831 XOR
2 1 831 832 830 AND
2 1 830 2657 2658 XOR
2 1 2532 2658 834 XOR
1 1 2658 835 INV
2 1 834 835 833 AND
2 1 833 2658 2659 XOR
2 1 2533 2659 837 XOR
1 1 2659 838 INV
2 1 837 838 836 AND
2 1 836 2659 2660 XOR
2 1 2534 2660 840 XOR
1 1 2660 841 INV
2 1 840 841 839 AND
2 1 839 2660 2661 XOR
2 1 2535 2661 843 XOR
1 1 2661 844 INV
2 1 843 844 842 AND
2 1 842 2661 2662 XOR
2 1 2536 2662 846 XOR
1 1 2662 847 INV
2 1 846 847 845 AND
2 1 845 2662 2663 XOR
2 1 2537 2663 849 XOR
1 1 2663 850 INV
2 1 849 850 848 AND
2 1 848 2663 2664 XOR
1 1 2664 853 INV
2 1 2538 2664 852 XOR
2 1 852 853 851 AND
2 1 851 2664 2665 XOR
1 1 2665 856 INV
2 1 2539 2665 855 XOR
2 1 855 856 854 AND
2 1 854 2665 2666 XOR
2 1 2540 2666 858 XOR
1 1 2666 859 INV
2 1 858 859 857 AND
2 1 857 2666 2667 XOR
2 1 2541 2667 861 XOR
1 1 2667 862 INV
2 1 861 862 860 AND
2 1 860 2667 2668 XOR
1 1 2668 865 INV
2 1 2542 2668 864 XOR
2 1 864 865 863 AND
2 1 863 2668 2669 XOR
1 1 2669 868 INV
2 1 2543 2669 867 XOR
2 1 867 868 866 AND
2 1 866 2669 2670 XOR
2 1 2544 2670 870 XOR
1 1 2670 871 INV
2 1 870 871 869 AND
2 1 869 2670 2671 XOR
1 1 2671 874 INV
2 1 2545 2671 873 XOR
2 1 873 874 872 AND
2 1 872 2671 2672 XOR
1 1 2672 877 INV
2 1 2546 2672 876 XOR
2 1 876 877 875 AND
2 1 875 2672 2673 XOR
2 1 2547 2673 879 XOR
1 1 2673 880 INV
2 1 879 880 878 AND
2 1 878 2673 2674 XOR
1 1 2674 883 INV
2 1 2548 2674 882 XOR
2 1 882 883 881 AND
2 1 881 2674 2675 XOR
2 1 2549 2675 885 XOR
1 1 2675 886 INV
2 1 885 886 884 AND
2 1 884 2675 2676 XOR
2 1 2550 2676 888 XOR
1 1 2676 889 INV
2 1 888 889 887 AND
2 1 887 2676 2677 XOR
2 1 2551 2677 891 XOR
1 1 2677 892 INV
2 1 891 892 890 AND
2 1 890 2677 2678 XOR
2 1 2552 2678 894 XOR
1 1 2678 895 INV
2 1 894 895 893 AND
2 1 893 2678 2679 XOR
1 1 2679 898 INV
2 1 2553 2679 897 XOR
2 1 897 898 896 AND
2 1 896 2679 2680 XOR
1 1 2680 901 INV
2 1 2554 2680 900 XOR
2 1 900 901 899 AND
2 1 899 2680 2681 XOR
2 1 2555 2681 903 XOR
1 1 2681 904 INV
2 1 903 904 902 AND
2 1 902 2681 2682 XOR
1 1 2682 907 INV
2 1 2556 2682 906 XOR
2 1 906 907 905 AND
2 1 905 2682 2683 XOR
1 1 2683 910 INV
2 1 2557 2683 909 XOR
2 1 909 910 908 AND
2 1 908 2683 2684 XOR
1 1 2684 913 INV
2 1 2558 2684 912 XOR
2 1 912 913 911 AND
2 1 911 2684 2685 XOR
2 1 2559 2685 915 XOR
1 1 2685 916 INV
2 1 915 916 914 AND
2 1 914 2685 2686 XOR
1 1 2686 919 INV
2 1 2560 2686 918 XOR
2 1 918 919 917 AND
2 1 917 2686 2687 XOR
2 1 2561 2687 921 XOR
1 1 2687 922 INV
2 1 921 922 920 AND
2 1 920 2687 2688 XOR
1 1 2688 925 INV
2 1 2562 2688 924 XOR
2 1 924 925 923 AND
2 1 923 2688 2689 XOR
1 1 2689 928 INV
2 1 2563 2689 927 XOR
2 1 927 928 926 AND
2 1 926 2689 2690 XOR
2 1 2564 2690 930 XOR
1 1 2690 931 INV
2 1 930 931 929 AND
2 1 929 2690 2691 XOR
1 1 2691 934 INV
2 1 2565 2691 933 XOR
2 1 933 934 932 AND
2 1 932 2691 2692 XOR
2 1 2566 2692 936 XOR
1 1 2692 937 INV
2 1 936 937 935 AND
2 1 935 2692 2693 XOR
1 1 2693 940 INV
2 1 2567 2693 939 XOR
2 1 939 940 938 AND
2 1 938 2693 2694 XOR
2 1 2568 2694 942 XOR
1 1 2694 943 INV
2 1 942 943 941 AND
2 1 941 2694 2695 XOR
2 1 2569 2695 945 XOR
1 1 2695 946 INV
2 1 945 946 944 AND
2 1 944 2695 2696 XOR
2 1 2570 2696 948 XOR
1 1 2696 949 INV
2 1 948 949 947 AND
2 1 947 2696 2697 XOR
2 1 2571 2697 951 XOR
2 1 951 2697 950 AND
2 1 950 2697 2698 XOR
2 1 2572 2698 953 XOR
2 1 953 2698 952 AND
2 1 952 2698 2699 XOR
2 1 1705 2699 2440 AND
2 1 1690 2699 2425 AND
2 1 1661 2699 2396 AND
2 1 1696 2699 2431 AND
2 1 1703 2699 2438 AND
2 1 1708 2699 2443 AND
2 1 1674 2699 2409 AND
2 1 1677 2699 2412 AND
2 1 1653 2699 2388 AND
2 1 1704 2699 2439 AND
2 1 1655 2699 2390 AND
2 1 1654 2699 2389 AND
2 1 1700 2699 2435 AND
2 1 1668 2699 2403 AND
2 1 1664 2699 2399 AND
2 1 1657 2699 2392 AND
2 1 1683 2699 2418 AND
2 1 1689 2699 2424 AND
2 1 1686 2699 2421 AND
2 1 1701 2699 2436 AND
2 1 1647 2699 2382 AND
2 1 1694 2699 2429 AND
2 1 1672 2699 2407 AND
2 1 1670 2699 2405 AND
2 1 1651 2699 2386 AND
2 1 1666 2699 2401 AND
2 1 1695 2699 2430 AND
2 1 1688 2699 2423 AND
2 1 1646 2699 2381 AND
2 1 1671 2699 2406 AND
2 1 1667 2699 2402 AND
2 1 1648 2699 2383 AND
2 1 1662 2699 2397 AND
2 1 1675 2699 2410 AND
1 1 2699 954 INV
2 1 1823 954 2462 AND
2 1 1811 954 2450 AND
2 1 1814 954 2453 AND
2 1 2389 2453 2874 XOR
2 1 1785 954 2489 AND
2 1 1796 954 2500 AND
2 1 1831 954 2470 AND
2 1 1813 954 2452 AND
2 1 1834 954 2473 AND
2 1 1784 954 2488 AND
2 1 1790 954 2494 AND
2 1 2430 2494 2915 XOR
2 1 1789 954 2493 AND
2 1 1774 954 2445 AND
2 1 2381 2445 2866 XOR
2 1 2409 2473 2894 XOR
2 1 1797 954 2501 AND
2 1 1835 954 2474 AND
2 1 2410 2474 2895 XOR
2 1 1804 954 2508 AND
2 1 1838 954 2477 AND
2 1 1833 954 2472 AND
2 1 1820 954 2459 AND
2 1 2386 2450 2871 XOR
2 1 1778 954 2482 AND
2 1 1822 954 2461 AND
2 1 1815 954 2454 AND
2 1 1809 954 2448 AND
2 1 2418 2482 2903 XOR
2 1 1827 954 2466 AND
2 1 1821 954 2460 AND
2 1 1792 954 2496 AND
2 1 1775 954 2446 AND
2 1 1801 954 2505 AND
2 1 2390 2454 2875 XOR
2 1 1802 954 2506 AND
2 1 1793 954 2497 AND
2 1 2396 2460 2881 XOR
2 1 1819 954 2458 AND
2 1 1665 2699 2400 AND
2 1 1687 2699 2422 AND
2 1 1783 954 2487 AND
2 1 2423 2487 2908 XOR
2 1 1697 2699 2432 AND
2 1 2432 2496 2917 XOR
2 1 1787 954 2491 AND
2 1 1693 2699 2428 AND
2 1 1691 2699 2426 AND
2 1 1663 2699 2398 AND
2 1 2398 2462 2883 XOR
2 1 1699 2699 2434 AND
2 1 1840 954 2479 AND
2 1 1650 2699 2385 AND
2 1 1658 2699 2393 AND
2 1 1788 954 2492 AND
2 1 2428 2492 2913 XOR
2 1 1706 2699 2441 AND
2 1 1818 954 2457 AND
2 1 2393 2457 2878 XOR
2 1 1652 2699 2387 AND
2 1 1828 954 2467 AND
2 1 2403 2467 2888 XOR
2 1 1777 954 2481 AND
2 1 1799 954 2503 AND
2 1 2441 2505 2926 XOR
2 1 1698 2699 2433 AND
2 1 2402 2466 2887 XOR
2 1 1803 954 2507 AND
2 1 2443 2507 2928 XOR
2 1 2382 2446 2867 XOR
2 1 1829 954 2468 AND
2 1 1781 954 2485 AND
2 1 2429 2493 2914 XOR
2 1 1839 954 2478 AND
2 1 1779 954 2483 AND
2 1 1680 2699 2415 AND
2 1 1692 2699 2427 AND
2 1 2427 2491 2912 XOR
2 1 1795 954 2499 AND
2 1 2435 2499 2920 XOR
2 1 1709 2699 2444 AND
2 1 2444 2508 2929 XOR
2 1 1786 954 2490 AND
2 1 2426 2490 2911 XOR
2 1 1678 2699 2413 AND
2 1 2413 2477 2898 XOR
2 1 2421 2485 2906 XOR
2 1 2406 2470 2891 XOR
2 1 2436 2500 2921 XOR
2 1 2397 2461 2882 XOR
2 1 2415 2479 2900 XOR
2 1 1836 954 2475 AND
2 1 1707 2699 2442 AND
2 1 2442 2506 2927 XOR
2 1 1812 954 2451 AND
2 1 1816 954 2455 AND
2 1 1810 954 2449 AND
2 1 2385 2449 2870 XOR
2 1 1794 954 2498 AND
2 1 1776 954 2480 AND
2 1 1679 2699 2414 AND
2 1 2414 2478 2899 XOR
2 1 1685 2699 2420 AND
2 1 1660 2699 2395 AND
2 1 2395 2459 2880 XOR
2 1 2425 2489 2910 XOR
2 1 2433 2497 2918 XOR
2 1 2439 2503 2924 XOR
2 1 2424 2488 2909 XOR
2 1 2387 2451 2872 XOR
2 1 1659 2699 2394 AND
2 1 2394 2458 2879 XOR
2 1 2388 2452 2873 XOR
2 1 1832 954 2471 AND
2 1 2407 2471 2892 XOR
2 1 1830 954 2469 AND
2 1 2405 2469 2890 XOR
2 1 1684 2699 2419 AND
2 1 2419 2483 2904 XOR
2 1 1782 954 2486 AND
2 1 2422 2486 2907 XOR
2 1 1817 954 2456 AND
2 1 1669 2699 2404 AND
2 1 2404 2468 2889 XOR
2 1 1837 954 2476 AND
2 1 2412 2476 2897 XOR
2 1 1798 954 2502 AND
2 1 2438 2502 2923 XOR
2 1 1825 954 2464 AND
2 1 2400 2464 2885 XOR
2 1 1826 954 2465 AND
2 1 2401 2465 2886 XOR
2 1 1824 954 2463 AND
2 1 2399 2463 2884 XOR
2 1 1791 954 2495 AND
2 1 2431 2495 2916 XOR
2 1 1676 2699 2411 AND
2 1 2411 2475 2896 XOR
2 1 1649 2699 2384 AND
2 1 2384 2448 2869 XOR
2 1 1800 954 2504 AND
2 1 2440 2504 2925 XOR
2 1 1808 954 2447 AND
2 1 2383 2447 2868 XOR
2 1 1682 2699 2417 AND
2 1 2417 2481 2902 XOR
2 1 1673 2699 2408 AND
2 1 2408 2472 2893 XOR
2 1 2434 2498 2919 XOR
2 1 1656 2699 2391 AND
2 1 2391 2455 2876 XOR
2 1 1681 2699 2416 AND
2 1 2416 2480 2901 XOR
2 1 1780 954 2484 AND
2 1 2420 2484 2905 XOR
2 1 2392 2456 2877 XOR
2 1 1702 2699 2437 AND
2 1 2437 2501 2922 XOR


